0,59.0
1,6619.0
2,6619.0
3,6144.826415766349
4,0.9283617488693683
5,0.2774402238057017
6,3.6043800220559397
7,69.6419413859206
8,44.68780594300866
9,60.207972893961475
10,61.220911460055866
11,55.07097641202567
12,29.24695159362752
13,23.35718881449954
14,0.5310774113538499
15,0.42412883039784105
16,101.58058454262213
17,190.45433999703934
18,1306063465.2879674
19,4.783447690695766
20,50.26466497012123
21,2.6311939070116988
22,262.57320712808286
23,28.077260570755634
24,142.8917071428108
25,141.64662183764628
26,27.276297195486404
27,235.29690993259646
28,20.692155501972135
29,444.20756451217653
30,0.07182649180619231
31,34.165715475695585
32,1306063465.2879674
33,0.04106576860631472
34,1167.2961139661847
35,537.678503745074
36,22.486549124479524
37,58439.36078530284
38,508.72523060582535
39,141.73614443275736
40,13.842323418788135
41,0.8208463828659737
42,2.8371674993976432
43,3.031919533584139
44,5.659213349094334
45,2.8371674993976415
46,0.004171881580670629
47,8.376400994016588
48,0.3879523304659364
49,0.30366882460489564
50,0.3879523304659364
51,0.30366882460489564
52,0.9941188387710433
53,0.9462025552284598
54,-0.19470417632152126
55,0.9083882773557148
56,0.3087322963294358
57,0.01221029763408164
58,44.97309824895904
59,5.559102351342323
60,38.89461696288637
61,141.73614443275733
62,248.01334134995116
63,0.040702619445298335
64,47.0926861128695
65,635.187362195804
66,1.282035588689215
67,781.6774370961747
68,0.0034714341475690527
69,0.0027147471124774943
70,5.207033640220086
71,5222.354613592818
72,0.8566144048541908
73,0.9205666670540527
74,0.10089460540360345
75,0.9408555260734237
76,603.6185451029428
77,0.0025590640458740257
78,98.96076794657763
79,0.04130249079573357
80,50.39044815231842
81,738.5329716193656
82,101.39941569282136
83,35774.46452420701
84,0.3221083162367181
85,0.002963373203829729
86,958.2671118530885
87,0.399944537501289
88,0.6570249077615413
89,499.97720125724453
90,0.00214013765752353
91,6.712714126101499
92,0.3619882157425593
93,93.76789414605868
94,-5.056222915649413
95,21.28632431030273
96,627295694.240408
97,3.130110352155304
98,13.537681430578232
99,3.7137490906038932
100,59.38418197631836
101,8.252238729574284
102,7.668079754354271
103,7.126626968383789
104,-33.57233428955078
105,92.95651626586914
106,5.612235092060804
107,307.85057048568547
108,0.29053930068202355
109,10.59841727005854
110,627295694.240408
111,0.13744983840989738
112,112.32644863027512
113,88.92494659197439
114,9.2870429269426
115,711.1684715080007
116,14.52422399823924
117,13.937662511534121
118,3.236152279200259
119,0.6227620152942042
120,1.3291762249651904
121,2.111739955246842
122,1.4345923990835237
123,1.3291762249651904
124,0.0275979631948498
125,5.757056472410221
126,0.5539263204474455
127,0.5053983281964247
128,0.5539263204474455
129,0.5053983281964247
130,0.9913364887151213
131,0.9377447498538245
132,-0.13191609999047854
133,0.7268468797239536
134,0.45489737095424726
135,0.058809373073357
136,18.574085853885197
137,3.9228942546075154
138,4.2934536976835975
139,13.937662511534125
140,733.257055565897
141,0.13227316451590168
142,4.904652888943452
143,86.19301234841126
144,1.7035104901268214
145,146.63764499314323
146,0.025699574571310117
147,0.01623081401515631
148,3.9189087644791694
149,4065.4848784017677
150,0.7317783551455833
151,0.8374144362964431
152,0.2706658705279246
153,0.879335232323577
154,75.66510835292901
155,0.014588952469222235
156,98.52217741935483
157,0.0993167111082206
158,8.950221624991466
159,81.83568548387096
160,1794.507056451613
161,151122.72076612903
162,22.296398829600303
163,0.02489780965735168
164,291.5342741935484
165,0.29388535704994795
166,0.5607479155505977
167,42.94945435594344
168,0.016263497297054997
169,6.002533419505031
170,0.1498715818099411
171,1749.986414501496
172,-2.626473712921142
173,42.41870193481445
174,680328991.1174245
175,3.735156287293133
176,22.553313732147217
177,2.567798163563179
178,56.80870819091797
179,13.394990633353947
180,20.17170608246285
181,20.57107925415039
182,-38.17548751831055
183,94.98419570922852
184,9.542210898575112
185,320.5998379580369
186,-0.23301194556184718
187,16.563052948190276
188,680328991.1174245
189,0.08396396982038436
190,274.3347229645546
191,185.6644281867897
192,13.279997771150304
193,4331.510567571016
194,-103.2423182230667
195,38.75778115136896
196,1.5900625972649292
197,0.9206810641198694
198,0.9341536574793905
199,1.6479022050872953
200,0.6643795363106733
201,0.9341536574793907
202,0.021848158152270272
203,5.865362495210887
204,0.6272212250628517
205,0.597620218504429
206,0.6272212250628517
207,0.597620218504429
208,0.9960741945611165
209,0.956899862252751
210,-0.39633645392404065
211,0.9673611020678203
212,0.49582732929380946
213,0.038105585524427096
214,26.559995542300612
215,4.6102108075743775
216,10.086960937158475
217,38.75778115136896
218,452.02681555181545
219,0.08657128910745983
220,10.418059603069365
221,161.9669305643186
222,2.1480442143410974
223,386.18294296574527
224,0.017651068115986185
225,0.0091219299720619
226,4.587016798607627
227,3608.351121689067
228,0.683779942241154
229,0.7895684916382912
230,0.49823733262676534
231,0.8508356475153914
232,134.3273104237861
233,0.007922234446221714
234,50.34583333333333
235,0.10488715277777778
236,8.605555531705614
237,106.94583333333334
238,3230.43125
239,627142.5895833333
240,19.00609645147079
241,0.016849489134536138
242,108.24166666666666
243,0.22550347222222222
244,0.4892112250650175
245,49.014653810135584
246,0.01018630809858675
247,6.248466499975226
248,0.07251850732739085
249,3040.2786414930556
250,2.2194268703460702
251,52.204042816162115
252,706405614.1373328
253,4.00595006586108
254,26.13117027282715
255,5.148195824478219
256,72.704345703125
257,15.876026189442266
258,26.018276615519415
259,26.15467071533203
260,-67.01808166503906
261,139.72242736816406
262,10.776515970373909
263,326.6862686665405
264,-0.7181907620257427
265,20.88064768903861
266,706405614.1373328
267,0.07326806518549006
268,436.00144791375345
269,436.1896249493702
270,20.475804720083087
271,25942.45464903219
272,-511.65545633031775
273,68.6521589588207
274,0.9954555200668462
275,0.9713332405856236
276,0.7125689644835476
277,1.3997051179910702
278,0.45753451196743494
279,0.7125689644835477
280,0.022795514427438202
281,5.876391808816128
282,0.6882475862971726
283,0.6719964806143661
284,0.6882475862971726
285,0.6719964806143661
286,0.9988206614300376
287,0.9765497633908194
288,-0.5267104575960487
289,0.9912289977192174
290,0.4896928625124254
291,0.05121608014191541
292,40.951609440166166
293,4.953299333723624
294,17.411903619721894
295,68.65215895882072
296,364.2617843707943
297,0.07330617946963322
298,17.83898024918898
299,400.1764753759108
300,2.461579281722101
301,1021.3883771786891
302,0.011573924632594889
303,0.005771137149344822
304,5.0264396117261265
305,3209.923554715255
306,0.6380155059573934
307,0.7508454681743703
308,0.6236103941216028
309,0.822175191489232
310,325.93471824121394
311,0.004994124010461074
312,30.226993865030675
313,0.0927208400767812
314,14.750959793768503
315,295.7760736196319
316,4312.199386503067
317,1983607.837423313
318,10.766324190055828
319,0.008526293788420866
320,55.5398773006135
321,0.170367721781023
322,0.41846880728425206
323,121.88011516852856
324,0.0018045007293399564
325,6.545224133300117
326,0.04925215289318628
327,3899.9599251006807
328,-4.65451394382254
329,4.6608397391279395
330,595890584.7379999
331,1.749999364232166
332,4.734867180817
333,4.324149321992979
334,20.113986122171482
335,2.957203637546384
336,0.02072066105337519
337,0.04297609360048826
338,-23.456423329439925
339,43.57040945161141
340,1.9790446085264402
341,300.0454678587823
342,-0.028303580826521867
343,3.8535641447544373
344,595890584.7379999
345,0.3549800700328394
346,14.849956617736998
347,30.22807522626723
348,5.503386801772924
349,5.623414182459738
350,-0.0854591043076037
351,1.228091216922243
352,1.4648673103455994
353,-0.08751914890598539
354,0.888452839607369
355,1.6490844091224344
356,0.672545418369165
357,0.8884528396073688
358,0.1290929004757258
359,3.479045384073463
360,0.6363861724847126
361,0.6116568776066138
362,0.6363861724847126
363,0.6116568776066138
364,0.98607142696707
365,0.9233572365528995
366,-0.012448474676790224
367,0.19903435721947324
368,0.517798107232132
369,0.18572574209757306
370,11.006773603545849
371,2.1809929270261983
372,0.6732396318169604
373,1.2280912169222429
374,1619.8975099045156
375,0.3263866291540023
376,0.7870981471208385
377,31.103281811427568
378,2.2850053052130246
379,70.49119818111342
380,0.08006041484617107
381,0.03628004086443501
382,2.88852486113585
383,3048.36035033021
384,0.6138992115970686
385,0.7497530419421944
386,0.5039111161304963
387,0.8112403944911868
388,25.32280261999461
389,0.029810255946714517
390,138.02973395931141
391,0.21600897333225574
392,2.40959441223939
393,32.719874804381845
394,15661.97965571205
395,483105.06572769955
396,525.0810370566531
397,0.04496737799913335
398,290.19874804381845
399,0.45414514560847963
400,0.7001406278199892
401,23.384080443768504
402,0.03256162527376253
403,4.322261046646664
404,0.09654026287958906
405,15554.683775754862
406,-8.100929438766386
407,8.42643715470533
408,596364125.9384431
409,2.4901045457866746
410,8.34944600425899
411,3.761981427370794
412,28.29839465066235
413,5.177916233593786
414,0.09064733035856336
415,0.03521939666449314
416,-42.95979865173913
417,71.25819330240148
418,3.501569749607351
419,300.1646639647007
420,0.01027183336221611
421,6.665499072692731
422,596364125.9384431
423,0.21401900305723467
424,44.42887788806765
425,90.17322530101956
426,9.503090130175972
427,44.49495597692699
428,0.5283137030534681
429,3.5140161139973283
430,4.058605548158885
431,-0.07140892906540898
432,1.5348372912628478
433,2.252167801749295
434,1.688764495747373
435,1.5348372912628478
436,0.047087914914009515
437,4.968747157436083
438,0.5127044392199563
439,0.45447011842657253
440,0.5127044392199563
441,0.45447011842657253
442,0.983000179418191
443,0.9124587495823515
444,-0.01308004696664484
445,0.24474292942929982
446,0.442104226098154
447,0.08991450240300909
448,19.006180260351947
449,2.9352712126047837
450,1.8931554155390533
451,3.514016113997328
452,1118.3597724827803
453,0.20103475796743625
454,2.051911791601994
455,92.56398219189413
456,1.6839066655596318
457,155.0212278056563
458,0.01986101807913052
459,0.012070778316179923
460,3.2751352279337604
461,4106.104129975138
462,0.7358971985941729
463,0.8405987425476777
464,0.2592581179474102
465,0.8812631741576441
466,81.7173766160504
467,0.010710996604283863
468,137.49512670565304
469,0.13401084474235186
470,4.885234393108612
471,95.4317738791423
472,3768.8216374269005
473,343668.43274853803
474,42.14420586155783
475,0.014119272799197283
476,418.82456140350877
477,0.4082110734926986
478,0.6644714872288454
479,63.17220082147297
480,0.009953808568853388
481,5.060007574941596
482,0.15500830941229793
483,3727.202790792228
484,-10.094003112311363
485,9.794167916575315
486,595603229.507838
487,2.7669057673737414
488,10.318080761061037
489,3.8515675870715866
490,48.0821731507508
491,6.324782189709209
492,-0.13803890994861498
493,-0.07399866931959315
494,-34.0967421558278
495,82.1789153065786
496,4.275353956433251
497,299.9731139455175
498,0.01132139234469968
499,8.165376990618869
500,595603229.507838
501,0.1777360111502181
502,66.67338139892806
503,56.06557967472299
504,7.484641268518301
505,137.89653053236674
506,-0.2701921857287831
507,5.642976753441273
508,5.460124660931873
509,0.01789049534611787
510,1.7175831012673246
511,2.3665340280674245
512,2.3225433976587007
513,1.7175831012673242
514,0.03626552331005413
515,5.378444222080036
516,0.4999785419716787
517,0.43890795147758277
518,0.4999785419716787
519,0.43890795147758277
520,0.9824823286001447
521,0.9141428835225328
522,-0.058062221569362624
523,0.43681460757941626
524,0.4169629481151995
525,0.07232926091301514
526,14.969282537036605
527,3.2379579844664295
528,2.7757753535932874
529,5.642976753441275
530,965.4074703761491
531,0.16882659830562552
532,2.992471634923561
533,58.753301095598125
534,1.5523268433744921
535,90.51658525116652
536,0.03361335799883359
537,0.023003758138246032
538,3.4587375001999847
539,4410.394196214102
540,0.7693643740427167
541,0.8639580694271738
542,0.20521230528986634
543,0.8985963634778482
544,52.9124152260556
545,0.021028483403961053
546,142.88602654176424
547,0.11154256560637334
548,6.698964813910873
549,61.142857142857146
550,1971.8227946916472
551,111667.88836846214
552,36.45811100858431
553,0.032682311103060226
554,511.8149882903981
555,0.39954331638594703
556,0.6563220626846628
557,40.54228235451834
558,0.02371371690306414
559,5.274822551095309
560,0.19353376642997433
561,1945.1243167875407
562,-16.958278159429142
563,23.4618983056982
564,609729487.8297255
565,3.7593245247209905
566,21.074814102927856
567,3.6993503561777863
568,78.55901098456556
569,12.815042542724003
570,3.0629487656268015
571,2.9394713821512766
572,-75.89618050373242
573,154.455191488298
574,8.692808196920183
575,303.5095836313157
576,-0.016960396050678356
577,16.459539529940972
578,609729487.8297255
579,0.08893777090271586
580,270.9164415376895
581,300.3005045143779
582,17.289938675479963
583,2243.1544614833992
584,-0.6649592081441064
585,23.5675661265603
586,18.141167391778236
587,0.12680741275344334
588,3.157413855036407
589,3.1300096676894937
590,7.517086922889829
591,3.157413855036407
592,0.009708296520209627
593,7.245084757157794
594,0.3739764664785913
595,0.28931959038877747
596,0.3739764664785913
597,0.28931959038877747
598,0.9835502867663334
599,0.9156150594136273
600,-0.05523689192772299
601,0.4759943054471851
602,0.29460453253384217
603,0.021238213549755837
604,34.57987735095993
605,4.2775674093480465
606,10.427183379584632
607,23.567566126560298
608,527.0144288314445
609,0.08686510823353055
610,11.328913296466833
611,303.7643103505806
612,1.3016835573153533
613,395.13604517762764
614,0.005281238790176595
615,0.004187070871874147
616,4.21961472703449
617,5168.653355308831
618,0.8504011694463055
619,0.9166618243518082
620,0.10785451025023232
621,0.9376058561109839
622,284.82881420628706
623,0.003959891455092278
624,152.70701754385965
625,0.0669767620806402
626,17.77920514004309
627,304.8438596491228
628,138.05745614035087
629,40153.97850877193
630,0.48959641803572446
631,0.004982661485924909
632,929.0482456140351
633,0.4074773007079101
634,0.6628321761214291
635,202.1333110166033
636,0.003593738459671646
637,6.0305037231712015
638,0.3444629098051065
639,129.6296396968298
640,-7.828432188697769
641,7.9010920177532915
642,595962812.2815865
643,2.4610570100325284
644,8.068612917383609
645,4.637750058108303
646,42.168078844696595
647,5.049084790469271
648,-0.009303060599491547
649,-0.054917487828200884
650,-35.05367347377875
651,77.22175231847535
652,3.3678766025442934
653,300.0636514742007
654,0.09438223020954992
655,6.616395230286864
656,595962812.2815865
657,0.22204312275586577
658,43.77668584336276
659,72.12940211618721
660,8.486968724162772
661,78.56348990296084
662,1.295445977068553
663,3.918740949633606
664,3.5157752771852904
665,0.05251660288875897
666,1.3574301610454849
667,2.1074185149276037
668,1.5753309039578711
669,1.357430161045485
670,0.054022211627012005
671,4.805632070234176
672,0.5521112473987764
673,0.5038103002578691
674,0.5521112473987764
675,0.5038103002578691
676,0.9885307193972506
677,0.930242329258787
678,-0.05412829933916514
679,0.3987495058856141
680,0.45592805918079704
681,0.10036573847252782
682,16.973937448325543
683,2.9726176375998166
684,1.8586290567047246
685,3.918740949633608
686,1144.1029812055467
687,0.20793037023417785
688,2.034623783082677
689,74.30133626271717
690,1.7330798927447246
691,127.69386094696938
692,0.026043420640733197
693,0.015491417547206178
694,3.287179415163916
695,3985.9469433793447
696,0.7223203938966832
697,0.8314525782421238
698,0.27764914023451653
699,0.8739906743596234
700,65.10672950442083
701,0.013666161293786285
702,127.738430583501
703,0.12850948750855232
704,5.105183414369517
705,78.10965794768612
706,4145.001006036217
707,292965.6227364185
708,60.02817356305076
709,0.018716028909389316
710,384.90140845070425
711,0.3872247569926602
712,0.6465546313229532
713,50.63715663104181
714,0.012793760166192807
715,5.155231014918661
716,0.15017374225713853
717,4100.659341360031
718,-13.48861527181335
719,18.561534370965205
720,605232520.2566178
721,3.4198726379306756
722,15.770150279984504
723,4.822799856353924
724,49.857022019760734
725,10.0004554297027
726,2.102756387779129
727,2.066694296437814
728,-90.7263759490016
729,140.58339796876234
730,6.651922097571505
731,302.38826777769214
732,-0.22836892884893115
733,13.137316031040253
734,605232520.2566178
735,0.11457986698868812
736,172.58907249942723
737,402.5299593082609
738,20.02167494025977
739,1402.7577115012996
740,-3.170378916470031
741,16.69516314948902
742,10.045910232252625
743,0.241244858047091
744,2.3656992546892113
745,2.769696878048001
746,4.174422838955233
747,2.3656992546892104
748,0.01569538384885151
749,6.6060852777157795
750,0.42890464247426613
751,0.352321044294978
752,0.42890464247426613
753,0.352321044294978
754,0.9886196303208612
755,0.9284305339371709
756,-0.053818252634280986
757,0.4474480404794714
758,0.3524902011508144
759,0.03815875500898047
760,40.04334988051953
761,4.020907171937831
762,6.685268345435413
763,16.695163149489016
764,655.7852502153487
765,0.11078527004685203
766,7.370490821379272
767,403.8715985016545
768,1.397288591420961
769,564.4454880986876
770,0.003929165301837927
771,0.0029074460120907643
772,3.981845148163949
773,4826.0024567976125
774,0.8138905711314647
775,0.8943484374818417
776,0.14327955054431268
777,0.9207130939481699
778,371.7338220181124
779,0.0027032761774689056
780,147.0033296337403
781,0.081577874380544
782,12.682836372460738
783,399.1914539400666
784,536.2302996670367
785,212591.40066592675
786,1.3658894991785744
787,0.0036223128450527764
788,671.3729189789124
789,0.3725709872247016
790,0.6333036848860296
791,249.30040198455782
792,0.002630696403569891
793,5.926468874172217
794,0.2722465629249131
795,522.7383351954481
796,-16.026824046928397
797,20.947256514531773
798,606871786.0305047
799,3.6505595267723545
800,18.334393083497798
801,5.367268658037488
802,96.00227564225062
803,11.744994031303662
804,2.3927285495237705
805,2.589969877644589
806,-103.95487475987662
807,199.95715040212724
808,7.705330585664192
809,302.7974985518372
810,-0.2523197836953174
811,15.651289072273366
812,606871786.0305047
813,0.09887802334204292
814,244.9628496238637
815,493.92410240081074
816,22.07902011024805
817,5889.209167870366
818,-73.76002030559962
819,32.364324142248606
820,6.601181727510915
821,0.6607652316681634
822,1.9296560545700845
823,2.5418322794788626
824,2.8033031410870968
825,1.929656054570084
826,0.013795186538019541
827,6.802186665249813
828,0.46830985172913897
829,0.39832995451063324
830,0.46830985172913897
831,0.39832995451063324
832,0.9961393725695088
833,0.9564666263680413
834,-0.1316662553247827
835,0.7711014570267195
836,0.3867571126018507
837,0.034095197652066846
838,44.15804022049608
839,4.489339388265558
840,9.741376467439883
841,32.36432414224862
842,574.1465396863304
843,0.09569851702686737
844,10.387863310896519
845,492.74490349653536
846,1.349391740574543
847,665.4710242735916
848,0.0031954358972248955
849,0.0024578080867974773
850,4.161210107170659
851,5021.995827327071
852,0.835472381817753
853,0.9064232338140789
854,0.12785690976724456
855,0.9306566764725959
856,458.36284270431344
857,0.0023110714856232747
858,146.1163235998085
859,0.06994558334121997
860,17.621604515755443
861,486.59597893729057
862,273.93250359023455
863,131488.56342747726
864,0.5767072894886903
865,0.0030517397041541863
866,805.5734801340354
867,0.38562636674678574
868,0.6444403591629875
869,310.633997336873
870,0.0022359479127784113
871,6.062739994478478
872,0.3156065870977489
873,263.89310072295075
874,292.5389275474308
875,535.259081974985
876,3361584060.8244276
877,6.214216801713819
878,138.66255350000995
879,2.5336517970167445
880,733.0906403103746
881,76.94525509950466
882,406.5413967383876
883,405.28572529092656
884,108.75628224794949
885,624.3343580624252
886,56.84450813692929
887,712.6491924890425
888,0.08291110137696443
889,93.10277251646585
890,3361584060.8244276
891,0.015172138442074157
892,8668.126250252788
893,3424.2709901759713
894,56.29093833773191
895,3309304.104907306
896,11380.474412502785
897,1084.2061019104062
898,63.929532365808114
899,0.8876601432312141
900,6.104432870759465
901,4.052851355087744
902,25.692667571301385
903,6.1044328707594815
904,0.0008268651745158436
905,10.662643436284299
906,0.2559345745539115
907,0.16709490824404752
908,0.2559345745539115
909,0.16709490824404752
910,0.9960289057135927
911,0.9551888452079788
912,-0.24145888677369454
913,0.9708008904872305
914,0.1774253508130421
915,0.0038938190131560836
916,112.58187667546387
917,7.001471862217359
918,287.0339085690531
919,1084.2061019104049
920,96.38697483889709
921,0.015133021588970083
922,346.71864625143996
923,4074.9771160400046
924,1.1235628477045536
925,4475.328917852794
926,0.000663957424543148
927,0.0006055908108585366
928,6.435534918537792
929,5918.916365424068
930,0.9291321395888829
931,0.9622764303229645
932,0.04331577477583378
933,0.972091065855926
934,3982.413500416206
935,0.0005925345046637196
936,62.696196319018405
937,0.015385569648838873
938,341.5201595844781
939,4421.829693251534
940,7.966380368098159
941,21006.405153374235
942,0.004506185495436411
943,0.000691060731736532
944,2233.5065030674846
945,0.5480997553539839
946,0.7688837061339225
947,3492.040917034113
948,0.0005959069739182241
949,7.4812429399006275
950,0.6156519111648285
951,5.328047815122887
952,59.0
953,6619.0
954,6619.0
955,6144.826415766349
956,0.9283617488693683
957,0.2774402238057017
958,3.6043800220559397
959,69.6419413859206
960,44.68780594300866
961,60.207972893961475
962,61.220911460055866
963,55.07097641202567
964,29.24695159362752
965,23.35718881449954
966,0.5310774113538499
967,0.42412883039784105
968,88.40361338753794
969,243.06075638427296
970,1460976806.4635944
971,5.549517819382313
972,95.82018642189016
973,2.4995981441509674
974,417.89057020666905
975,50.30729550014814
976,165.96096493676603
977,167.0770296076162
978,3.678395919761353
979,414.2121742869077
980,38.13750874560347
981,469.81347638512847
982,0.2292400825127187
983,60.04233296831149
984,1460976806.4635944
985,0.02381203730254946
986,3605.081748277585
987,1038.7110240323889
988,30.740300919569066
989,492943.9511534053
990,3567.9648309801382
991,438.8491589059176
992,64.3054509361481
993,0.7439570121835046
994,5.979412142992615
995,4.06125496996278
996,28.007651570449305
997,5.979412142992624
998,0.0014229699435301696
999,9.998900231201436
1000,0.2671932528889911
1001,0.1792803464830467
1002,0.2671932528889911
1003,0.1792803464830467
1004,0.9912042752804606
1005,0.9366146260409272
1006,-0.15501409184115372
1007,0.897837596028635
1008,0.18369680516271455
1009,0.006404174755793375
1010,61.48060183913812
1011,6.316179434913702
1012,125.78865246051663
1013,438.84915890591776
1014,149.71181759052277
1015,0.023671538993453665
1016,143.911177126866
1017,1300.94210626006
1018,1.1469230050772887
1019,1420.0353265954593
1020,0.001957645086604867
1021,0.001653322319320653
1022,5.80587893486235
1023,5798.139244062308
1024,0.9166358064253592
1025,0.9555126849280053
1026,0.05136903623209732
1027,0.9669551768389623
1028,1273.1099686163766
1029,0.0015867073933929594
1030,94.875
1031,0.024502840909090908
1032,134.15764050600626
1033,1534.0808367768595
1034,16.728564049586776
1035,9103.619318181818
1036,0.04255115805771379
1037,0.0015214357627009038
1038,2177.2949380165287
1039,0.5623179075455912
1040,0.778217216575912
1041,1260.9606615354144
1042,0.0012073545377129823
1043,6.808867935166825
1044,0.5849826257742862
1045,13.80633627046906
1046,-3.7179279327392574
1047,58.05417175292969
1048,712476390.884681
1049,4.3773668199937275
1050,32.22671461105347
1051,3.8458649717041453
1052,146.47239685058594
1053,19.682940943617215
1054,27.103267948942246
1055,26.809280395507812
1056,-98.85232543945312
1057,245.32472229003906
1058,13.320657052565688
1059,328.0870196208232
1060,0.041199274677410296
1061,25.387881770579508
1062,712476390.884681
1063,0.058176157440794594
1064,644.5445407969233
1065,704.8684474366197
1066,26.289336473409463
1067,22177.09889745289
1068,177.12256409500486
1069,75.56105647792818
1070,20.614894417263102
1071,0.5713530079564447
1072,3.3709241568724013
1073,3.2834069587620096
1074,9.072127833239817
1075,3.3709241568724004
1076,0.004967912020252344
1077,8.219443954533112
1078,0.36216271579975945
1079,0.2761844334210197
1080,0.36216271579975945
1081,0.2761844334210197
1082,0.9920432265120631
1083,0.9396588049135546
1084,-0.09785102618201966
1085,0.7429664824975477
1086,0.2805273753201136
1087,0.011905911469459733
1088,52.57867294681897
1089,5.135495678343675
1090,24.043987723797805
1091,75.5610564779281
1092,351.00196754996824
1093,0.05725606279661332
1094,26.648872378606747
1095,698.4755040389974
1096,1.2614127978013192
1097,877.3588346181245
1098,0.0023172341035002956
1099,0.0018971737774002918
1100,4.793609831512793
1101,5316.9129877007135
1102,0.866926151928761
1103,0.9261566353272056
1104,0.09460061643119547
1105,0.9454488067173439
1106,660.6860716746322
1107,0.001810141289655385
1108,128.01067353698932
1109,0.04711471238019482
1110,37.18994335628385
1111,685.4423997055576
1112,51.63894000736106
1113,30951.65734265734
1114,0.09131050600920163
1115,0.0023006045068142598
1116,1217.7802723592197
1117,0.4482076821344202
1118,0.6961415436610849
1119,461.9481286571521
1120,0.0018073264155633892
1121,6.380089997178744
1122,0.41048496751775193
1123,45.704148243132806
1124,-35.919097900390625
1125,90.97147369384764
1126,692119321.494091
1127,5.1782487723759045
1128,65.92927837371826
1129,2.4732162679191916
1130,135.466796875
1131,37.98235302093351
1132,20.02179433810853
1133,13.876073837280273
1134,-145.46917724609375
1135,280.93597412109375
1136,27.512692391505652
1137,323.3659565389177
1138,0.3532982104541602
1139,46.38526702463375
1140,692119321.494091
1141,0.03089530085724046
1142,2151.592996946575
1143,1433.5864519182628
1144,36.81411942866504
1145,248790.9393531328
1146,818.8483881311446
1147,326.2888416822054
1148,13.57628585027944
1149,0.9200262297372047
1150,2.8853263519417833
1151,2.9249965719437294
1152,4.6208532706119865
1153,2.8853263519417816
1154,0.0027650589839211303
1155,8.807679598464656
1156,0.37784584913776276
1157,0.2910549751209146
1158,0.37784584913776276
1159,0.2910549751209146
1160,0.9960129902946148
1161,0.9539181954224742
1162,-0.29991895544746955
1163,0.9717849543047734
1164,0.2994402750335118
1165,0.0062983690825962205
1166,73.62823885733006
1167,6.143167388686434
1168,84.96628188312124
1169,326.28884168220554
1170,192.12095263218845
1171,0.031267071827951756
1172,84.13297003961674
1173,1259.6219607525525
1174,1.2704605405318463
1175,1668.1396192335776
1176,0.0014854751870564881
1177,0.00123722703319932
1178,5.532609977094842
1179,5402.955183823413
1180,0.8776657034636517
1181,0.9285622973491239
1182,0.10613381493121114
1183,0.9495753967964824
1184,1185.3317682947732
1185,0.001189381959587288
1186,88.08681408681409
1187,0.03607158644013681
1188,64.31228764656623
1189,1087.5
1190,28.45167895167895
1191,55097.126126126124
1192,0.0206705349947255
1193,0.0016127371809402974
1194,789.1203931203931
1195,0.3231451241279251
1196,0.5848978233726221
1197,612.0459294089674
1198,0.0011306991149742478
1199,7.117027326927546
1200,0.36893790602810095
1201,21.104959717367578
1202,-46.76643295288086
1203,64.36476440429686
1204,616919710.145288
1205,5.1313096894077255
1206,56.73135566711426
1207,3.227428363363687
1208,119.73140716552734
1209,35.0924563738918
1210,2.001549494651027
1211,-2.5831780433654785
1212,-138.5673828125
1213,258.29878997802734
1214,23.91316546264112
1215,305.2939038880639
1216,0.13130218070728808
1217,44.715007033927925
1218,616919710.145288
1219,0.03412694313213931
1220,1999.4318540442239
1221,1011.9065820250617
1222,30.469834118338408
1223,341569.66477960866
1224,-159.68685699237133
1225,337.755453472877
1226,4.06477672304333
1227,0.9762641966386421
1228,1.5096340334632654
1229,2.2057360193830533
1230,1.6746657238231761
1231,1.5096340334632645
1232,0.005660479192513193
1233,7.924935514865583
1234,0.5297117771191142
1235,0.4742696298962494
1236,0.5297117771191142
1237,0.4742696298962494
1238,0.9985039004274526
1239,0.972381387922169
1240,-0.4708153226282439
1241,0.9957533158080342
1242,0.42454071398071463
1243,0.016871180591580038
1244,60.93966823667681
1245,6.160056145485291
1246,85.45505754898008
1247,337.755453472877
1248,194.54616039663023
1249,0.03400717134412905
1250,79.39853960625179
1251,926.2407333871832
1252,1.5996595488383745
1253,1421.154329845151
1254,0.005191295663385363
1255,0.003180902091431698
1256,5.737979229109186
1257,4521.723176472028
1258,0.7876803871075981
1259,0.8644810394319394
1260,0.2505848430787412
1261,0.9069517533992387
1262,845.0597844366912
1263,0.0028253891590671204
1264,38.0240153698367
1265,0.036526431671312865
1266,66.40995817855502
1267,860.447646493756
1268,187.8837656099904
1269,162553.52065321806
1270,0.3897059580489856
1271,0.0033196539511621886
1272,194.8059558117195
1273,0.1871334830083761
1274,0.4352175181320018
1275,349.76218195976764
1276,0.000855130128377581
1277,7.72081295970158
1278,0.1572745127662789
1279,147.45566822708895
1280,-8.79599699942556
1281,8.855927676234236
1282,596133843.6796982
1283,2.6169900989810104
1284,8.73068792286012
1285,4.426988713507855
1286,31.9944705312826
1287,5.5858618756599325
1288,0.015916392520909133
1289,-0.03672135831299686
1290,-42.894617380557854
1291,74.88908791184045
1292,3.6604871298469934
1293,300.1067050198974
1294,-0.046964320103952455
1295,7.381348728763113
1296,596133843.6796982
1297,0.2021418012638378
1298,54.484309055612826
1299,90.07704736255387
1300,9.496296981974925
1301,71.44240860634031
1302,-0.3342257387333166
1303,3.9425604922328636
1304,4.353016195890967
1305,-0.04906411609755279
1306,1.5377947225180901
1307,2.299785405734002
1308,1.982788720354816
1309,1.5377947225180904
1310,0.04837488419991916
1311,5.052631916532315
1312,0.5222301701750265
1313,0.466211740225531
1314,0.5222301701750265
1315,0.466211740225531
1316,0.9841081368417783
1317,0.9177081965933023
1318,-0.015652613791485442
1319,0.27301720372241445
1320,0.43540600346892067
1321,0.09258899409163937
1322,18.992593963949854
1323,3.000889098805472
1324,2.073894172030958
1325,3.9425604922328645
1326,1035.7881339572048
1327,0.18655816050307564
1328,2.5590762771147957
1329,92.78362739757323
1330,1.6955994844763302
1331,155.99447526006068
1332,0.020426424986738356
1333,0.012487396576233564
1334,3.416673054473397
1335,4103.823480550692
1336,0.7389957617424882
1337,0.8387741583088315
1338,0.2734722543483287
1339,0.8834683902964279
1340,82.1704024713989
1341,0.011149791095780532
1342,142.7653814602133
1343,0.11711680185415364
1344,6.3566446225708475
1345,96.59885151763741
1346,3359.605414273995
1347,308448.67268252664
1348,37.345961373591976
1349,0.015320978043903446
1350,564.6833470057425
1351,0.46323490320405447
1352,0.7077172827597096
1353,68.00240379257556
1354,0.011637271118942322
1355,5.00414591335711
1356,0.184166792566853
1357,3330.122028774645
1358,-18.1873673040186
1359,17.76612655495946
1360,596999780.3271978
1361,3.597875439214027
1362,17.274834941128674
1363,4.1502573367655815
1364,66.17402102882858
1365,11.25777999593679
1366,-0.047120860426916995
1367,-0.049134631112232485
1368,-71.25128969355048
1369,137.42531072237904
1370,7.282244457612357
1371,300.32459156756755
1372,0.08292678955710993
1373,14.93755656414193
1374,596999780.3271978
1375,0.10367314849291487
1376,223.13059610693966
1377,238.65484811351453
1378,15.446589455125636
1379,1222.2728327306388
1380,0.5157304359957569
1381,16.486961564170944
1382,16.306549485571338
1383,0.004416662258228801
1384,3.0037600239955813
1385,3.137477210510366
1386,7.22354747706812
1387,3.003760023995581
1388,0.01324599131361245
1389,6.967910690795036
1390,0.3828046770273501
1391,0.2981429395540063
1392,0.3828046770273501
1393,0.2981429395540063
1394,0.9820870639648107
1395,0.9119446726134764
1396,-0.024002992386609325
1397,0.39297324777153453
1398,0.2970772706307893
1399,0.0358532316314669
1400,30.893178910251287
1401,4.0164846961582095
1402,8.198377762435568
1403,16.486961564170947
1404,594.4869578108847
1405,0.09891178482536281
1406,9.558123720856264
1407,249.48686760145227
1408,1.34074743579806
1409,332.4064526730171
1410,0.00656496555416168
1411,0.005077313248131205
1412,4.10560944897551
1413,5047.231652453133
1414,0.8389192716830198
1415,0.9080153869396962
1416,0.12551592710819887
1417,0.9324710179059494
1418,233.05621619469218
1419,0.004780107750550136
1420,155.11382836816364
1421,0.06897013266703585
1422,17.21035405093831
1423,259.3317029791018
1424,372.3268119164073
1425,91625.59982214318
1426,1.5366222883982044
1427,0.006047981693205114
1428,1018.9626500666963
1429,0.453073654987415
1430,0.6999554804163475
1431,184.8072754429839
1432,0.004568783906076775
1433,5.784584604421631
1434,0.33977942287354584
1435,363.6650577965485
1436,-21.323319614992318
1437,23.05443186772594
1438,600069370.1220493
1439,3.9270057860422787
1440,21.290460792879053
1441,4.933309336591686
1442,101.79836934633576
1443,14.103138146255434
1444,0.4889993849498897
1445,-0.15268565408002957
1446,-80.6568341058224
1447,182.45520345215817
1448,8.939493448037949
1449,301.095690126559
1450,0.3008674406058287
1451,19.104341428597355
1452,600069370.1220493
1453,0.08423193806710579
1454,364.9758614204212
1455,308.3628490574261
1456,17.509685625819202
1457,5456.076282338114
1458,62.18078969460901
1459,29.80083052709246
1460,22.714185369688188
1461,0.12292469658303802
1462,3.4316709819149875
1463,3.2649233711337997
1464,10.15372397464898
1465,3.4316709819149875
1466,0.009824667742251422
1467,7.435498648464
1468,0.36684267492439554
1469,0.2828438707038287
1470,0.36684267492439554
1471,0.2828438707038287
1472,0.9854014977977592
1473,0.9223765580255846
1474,-0.064594494016293
1475,0.545026702338408
1476,0.28539624777186556
1477,0.02748944276966067
1478,35.01937125163841
1479,4.378914713906317
1480,13.128753974195153
1481,29.80083052709246
1482,494.420486047181
1483,0.08088539514925977
1484,15.460496034106729
1485,325.2257634978982
1486,1.2754711704279897
1487,411.0294871279054
1488,0.005165177466401039
1489,0.004207910917793763
1490,4.364735999817653
1491,5286.944789726757
1492,0.8642208822121323
1493,0.9234720559694125
1494,0.10091440410722366
1495,0.9439982688898234
1496,307.7326745261349
1497,0.004012182562069491
1498,153.13706929193486
1499,0.05798450181443956
1500,25.374520654904366
1501,337.5168496781522
1502,225.01060204468004
1503,69770.75918212798
1504,0.7364699313402969
1505,0.005066410914159297
1506,1279.8057553956835
1507,0.4845913500172978
1508,0.7238201523734199
1509,245.3744895328568
1510,0.0040022889584677285
1511,5.959488472833374
1512,0.3990028705242484
1513,218.72932484439517
1514,-48.21598465573019
1515,62.22294990233314
1516,645878268.7935019
1517,5.206251460823618
1518,50.195226985138625
1519,5.519410663099552
1520,198.360350796008
1521,34.750270705536046
1522,8.638208504081762
1523,11.130855804056603
1524,-314.7657339500453
1525,513.1260847460533
1526,21.299616010668775
1527,312.37706904778315
1528,-0.7221422289331568
1529,48.18598881702479
1530,645878268.7935019
1531,0.03539086763758667
1532,2321.889518274438
1533,4360.971094671292
1534,65.93561380057247
1535,196447.12586174344
1536,-1357.7321382338657
1537,180.05931686154838
1538,126.30555811989859
1539,0.1637090064242011
1540,7.875970148618515
1541,4.394984862385282
1542,59.92896732344663
1543,7.875970148618521
1544,0.0020043784290461426
1545,9.691547611434169
1546,0.2370056997833629
1547,0.15235125928683307
1548,0.2370056997833629
1549,0.15235125928683307
1550,0.9888611477587862
1551,0.9332646015144211
1552,-0.08886823522567126
1553,0.7335441972631924
1554,0.15705806179542195
1555,0.00693536970141405
1556,131.87122760114497
1557,5.666165092707395
1558,76.5912187453617
1559,180.0593168615484
1560,220.12465674969806
1561,0.03464029027079627
1562,95.42025848848373
1563,4344.9586696065235
1564,1.1321520950720962
1565,4926.287393812526
1566,0.0004490137614264818
1567,0.00041792096038446803
1568,5.461916586199938
1569,5882.139388857205
1570,0.9253592738548786
1571,0.9600334700803057
1572,0.046529976527031884
1573,0.970466169562881
1574,4214.628484054868
1575,0.0004109764641443961
1576,113.7733857107783
1577,0.027933558976375717
1578,125.356524667152
1579,4304.710778296097
1580,10.681807021851215
1581,45689.59587527621
1582,0.0028136494053546757
1583,0.0005194755904561177
1584,2348.079302725264
1585,0.5764987239688839
1586,0.7874206618370712
1587,3360.393990339216
1588,0.0004681206276423551
1589,6.696579273016177
1590,0.6153497507176311
1591,8.040882786760092
1592,-16.651035363224548
1593,15.14862479331712
1594,594267299.6384189
1595,3.4348540501124067
1596,14.963371687337434
1597,4.920262061019531
1598,72.98150733616615
1599,9.968098119488205
1600,-0.6663656620415771
1601,-0.6802838177273651
1602,-60.40393920228075
1603,133.3854465384469
1604,6.347764988529641
1605,299.6365072997387
1606,0.2478576572312508
1607,13.468922036145301
1608,594267299.6384189
1609,0.11765123047070129
1610,181.4118608157605
1611,180.5868100435577
1612,13.386723313606836
1613,1595.5743579970917
1614,23.080134212727984
1615,16.381170623376374
1616,10.851879425739671
1617,0.2003922830929413
1618,2.3846360442152
1619,2.807580677740996
1620,4.911312533267916
1621,2.3846360442152004
1622,0.01797975186532274
1623,6.565951932875626
1624,0.43385133290503264
1625,0.3594461084378269
1626,0.43385133290503264
1627,0.3594461084378269
1628,0.9870562645077658
1629,0.9261383074399091
1630,-0.05376069216300423
1631,0.47209549892103636
1632,0.358444510105145
1633,0.043538916929876124
1634,26.77344662721367
1635,3.9762701377060345
1636,6.808262512279014
1637,16.381170623376363
1638,663.1251170069154
1639,0.11152538705589642
1640,7.867565362073928
1641,186.3153526646401
1642,1.3823961295469571
1643,255.7946296416824
1644,0.00914449112152289
1645,0.006897593112872807
1646,3.9887667406177454
1647,4897.104272143443
1648,0.8230357125586428
1649,0.8982997664067315
1650,0.14142240479947096
1651,0.9252548803713183
1652,172.7256279789806
1653,0.00645443877873957
1654,155.36592449177155
1655,0.07520131872786619
1656,14.823570714345287
1657,194.23572120038722
1658,580.5861568247822
1659,104779.6316553727
1660,3.267363450720046
1661,0.008419314161282903
1662,947.3455953533398
1663,0.4585409464440173
1664,0.7043096966760662
1665,139.21007149845946
1666,0.006348598541591073
1667,5.66138982747844
1668,0.3121317419549781
1669,570.3219799379433
1670,-32.04380752450355
1671,46.5906778113127
1672,630733311.9924152
1673,4.7256784323795245
1674,37.13391450206966
1675,5.015399860531889
1676,148.40484632164956
1677,24.681801068395682
1678,6.88331273834294
1679,7.2626539094726965
1680,-172.00397781322926
1681,320.40882413487884
1682,15.760031549877334
1683,308.6929377342187
1684,-0.4092869696805849
1685,33.37607181384002
1686,630733311.9924152
1687,0.04807001120102706
1688,1113.9621697226064
1689,1387.5498571712096
1690,37.074518024369084
1691,49075.28735877403
1692,-127.6910717936968
1693,100.17602121982497
1694,48.06032726898364
1695,0.3434567557301669
1696,5.0865068242806615
1697,3.805915065578708
1698,20.921068600316353
1699,5.086506824280665
1700,0.003441131150664997
1701,8.870531000504666
1702,0.2928606907240764
1703,0.20334380833388466
1704,0.2928606907240764
1705,0.20334380833388466
1706,0.9892240523986509
1707,0.9312219905693792
1708,-0.07445755716396775
1709,0.6558605066306615
1710,0.2055151628516046
1711,0.012041807172104041
1712,74.14903604873813
1713,5.298493165965159
1714,37.059087122202186
1715,100.17602121982509
1716,293.27882554434905
1717,0.0469076709335363
1718,45.98794378171833
1719,1405.0251655015645
1720,1.1900197113581972
1721,1669.4984916710987
1722,0.001244531743630129
1723,0.0010964272007472123
1724,5.0579940338017
1725,5620.999970526496
1726,0.8985598983186438
1727,0.9445419363836051
1728,0.06798894487495508
1729,0.9591237459812327
1730,1347.9250219955013
1731,0.0010646236325065727
1732,127.09748892171343
1733,0.037547264083224056
1734,62.845595718359526
1735,1406.885672082718
1736,32.52791728212703
1737,43496.49098966027
1738,0.025385032027121463
1739,0.0013533387870472541
1740,1700.064106351551
1741,0.5022345956725409
1742,0.7366260238022796
1743,1034.3136309749282
1744,0.0011294615178261845
1745,6.508084341486107
1746,0.5114065568817042
1747,28.704361626691746
1748,-39.240745419851855
1749,53.937892501225186
1750,637746932.6917983
1751,4.997806666922637
1752,43.72800594094166
1753,7.711440916404114
1754,199.57463192904365
1755,30.16645272914291
1756,7.4546788183607795
1757,8.879505732286301
1758,-308.04786867657634
1759,507.62250060561996
1760,18.491738796626205
1761,310.404492864523
1762,-0.9485940080040889
1763,42.691564309361034
1764,637746932.6917983
1765,0.040962552898335655
1766,1822.569663180309
1767,4174.003343247545
1768,64.25574437567617
1769,474026.888135466
1770,-3617.276050239366
1771,221.19488450713507
1772,40.38644244057877
1773,0.6894002297387845
1774,4.5165521113049065
1775,3.6854993660250175
1776,19.590697498815842
1777,4.516552111304906
1778,0.0031469928754823294
1779,9.09966104959897
1780,0.3174254372879432
1781,0.22924441588941077
1782,0.3174254372879432
1783,0.22924441588941077
1784,0.9962127076881355
1785,0.9591539396960918
1786,-0.14177402774865477
1787,0.8587913231833436
1788,0.23411188457756715
1789,0.010068654957896057
1790,128.51148875135246
1791,5.745334417862496
1792,65.39533173692861
1793,221.19488450713538
1794,252.13240454673266
1795,0.03996872616899447
1796,75.27568613814293
1797,4167.39307582062
1798,1.1575434104215563
1799,4825.481523174132
1800,0.0004713371798697945
1801,0.0004322797550371665
1802,5.290603479887316
1803,5761.201528144227
1804,0.9129218983624672
1805,0.9530256720164572
1806,0.0557216063076064
1807,0.9652738449009595
1808,4022.0513638659313
1809,0.00042365966400384334
1810,118.45628997867804
1811,0.03157150585785662
1812,104.842327730825
1813,4141.019722814499
1814,26.030117270788914
1815,103756.68443496802
1816,0.006886797264002119
1817,0.0005569035109907719
1818,2046.772921108742
1819,0.5455151708711999
1820,0.7669573048756244
1821,3147.72696288211
1822,0.0004970747422300747
1823,6.628580682414292
1824,0.5668529989424385
1825,22.917977434067858
1826,254.7346815174636
1827,713.5931107489721
1828,4283932215.416711
1829,7.060651835926219
1830,279.7937968911474
1831,2.3911647621068055
1832,1186.5322095475833
1833,146.80124800780015
1834,485.18194213739673
1835,483.9919685882577
1836,50.97591696845716
1837,1135.5562925791262
1838,111.89149372583559
1839,804.4982516991341
1840,0.23763898718445325
1841,175.23342925454952
1842,4283932215.416711
1843,0.008294667196790333
1844,30706.75472830921
1845,6944.165005043016
1846,78.18507799392431
1847,35784455.0043121
1848,94325.14641433145
1849,3739.133386661468
1850,419.8437127073105
1851,0.7971733620661968
1852,15.179700272762794
1853,5.351506108596856
1854,184.4011236501023
1855,15.17970027276277
1856,0.0003111518224605161
1857,12.06594801012183
1858,0.15517193448974143
1859,0.08563424769746655
1860,0.15517193448974143
1861,0.08563424769746655
1862,0.9921772937145721
1863,0.9403859901341312
1864,-0.2534483290852786
1865,0.9845165954803681
1866,0.08907030454326506
1867,0.002167629757829477
1868,156.37015598784876
1869,7.811029722624546
1870,1039.7442748421965
1871,3739.1333866614896
1872,53.58625628424353
1873,0.00826475893098222
1874,1223.07047972603
1875,8977.991070040343
1876,1.0651580301711716
1877,9278.3400553962
1878,0.0004386634408852658
1879,0.00041061597812073824
1880,7.181746136976215
1881,6233.323341427641
1882,0.9613397208523735
1883,0.9795576835915278
1884,0.02290476194968625
1885,0.9850534939681873
1886,8906.134795208978
1887,0.00040435298623623484
1888,43.23159509202454
1889,0.008288265930219429
1890,1160.684546458043
1891,9877.928297546012
1892,2.8054064417177913
1893,16379.750575153374
1894,0.0013037949046584027
1895,0.0004159881796482806
1896,3824.447469325153
1897,0.7332146221865709
1898,0.8792605659975072
1899,9091.600906075359
1900,0.0003768371857375007
1901,7.775379608163001
1902,0.7880344462909805
1903,1.19509604561472
1904,59.0
1905,6619.0
1906,6619.0
1907,6144.826415766349
1908,0.9283617488693683
1909,0.2774402238057017
1910,3.6043800220559397
1911,69.6419413859206
1912,44.68780594300866
1913,60.207972893961475
1914,61.220911460055866
1915,55.07097641202567
1916,29.24695159362752
1917,23.35718881449954
1918,0.5310774113538499
1919,0.42412883039784105
1920,321.70527893896605
1921,524.1659859048283
1922,3479596692.3431334
1923,5.909759814432026
1924,123.19543018205769
1925,2.2976578681229793
1926,680.7865328029482
1927,65.11165283886326
1928,420.9174141643949
1929,415.29560574394014
1930,191.82482541369598
1931,488.9617073892522
1932,49.98668694215161
1933,725.0505129386539
1934,0.11467046255396075
1935,77.30671553705739
1936,3479596692.3431334
1937,0.018603775416953686
1938,5976.32826712751
1939,2733.902066603494
1940,50.426920082593966
1941,1548650.4091400728
1942,-2045.02475728611
1943,814.7366071623234
1944,51.869690449489056
1945,0.8797076134107009
1946,5.193121239586167
1947,3.8722225049680015
1948,24.249571966852358
1949,5.1931212395861746
1950,0.0011439485640490593
1951,10.244647504221788
1952,0.29637355892596035
1953,0.2087461804554995
1954,0.29637355892596035
1955,0.2087461804554995
1956,0.9948435087201721
1957,0.9521840317287942
1958,-0.2450689824601875
1959,0.9687193708530847
1960,0.21181727849687979
1961,0.0055141669251561765
1962,100.85384016518782
1963,6.800662977042892
1964,216.65157440295332
1965,814.7366071623239
1966,116.78355280425298
1967,0.018603736277018692
1968,237.0122511962406
1969,2390.067436693564
1970,1.1783586790650484
1971,2920.050924752252
1972,0.0010837227241889077
1973,0.0009767439530639019
1974,6.191152196301274
1975,5698.387519760458
1976,0.9075064120923592
1977,0.9484002928632044
1978,0.06598886336562092
1979,0.9628985957778244
1980,2282.7032819412048
1981,0.0009534972819138128
1982,67.94335325932252
1983,0.019340550315776407
1984,219.15153451022348
1985,2151.621121548534
1986,16.52063763165386
1987,61689.338741816115
1988,0.006879385163003054
1989,0.0012091697885992614
1990,1722.2393965271847
1991,0.49024747979709216
1992,0.7279495577162688
1993,1541.0909936462685
1994,0.0009684089806823256
1995,7.360846998526606
1996,0.5307448255023417
1997,12.970636736276768
1998,-42.11659393310547
1999,6.4340589523315375
2000,534147115.5523241
2001,4.036431871341916
2002,23.803539752960205
2003,4.821918333143104
2004,76.83069610595703
2005,15.484717237237897
2006,-16.67478642863797
2007,-15.067602157592773
2008,-136.0735321044922
2009,212.90422821044922
2010,10.017536451995635
2011,284.07580969217054
2012,-0.5690083744726612
2013,20.637078451282374
2014,534147115.5523241
2015,0.07654293845351418
2016,425.8890070043833
2017,616.7696128401057
2018,24.622711860069263
2019,15244.175696016235
2020,-292.76205341647756
2021,53.77221549527331
2022,11.813182070498154
2023,0.6400112053799165
2024,2.460121798349832
2025,2.887906123095257
2026,5.634769731130158
2027,2.4601217983498316
2028,0.009519458358884068
2029,7.466755820054872
2030,0.43276181027632
2031,0.35832298534661633
2032,0.43276181027632
2033,0.35832298534661633
2034,0.9940908772297798
2035,0.9493758004510221
2036,-0.12736286633518737
2037,0.7858187950626537
2038,0.34967653048643654
2039,0.02345125304090951
2040,49.24542372013855
2041,4.825410956240477
2042,16.396349391442875
2043,53.77221549527325
2044,438.6393379322892
2045,0.0741700790870078
2046,18.042761845859026
2047,651.7732036111233
2048,1.4139225573448706
2049,917.1667172574172
2050,0.002666790061652267
2051,0.0019713573558533116
2052,4.5992771084367705
2053,4836.325899697
2054,0.8167376480287862
2055,0.8932792543609895
2056,0.15645251771786228
2057,0.9220653728979038
2058,602.2244154171518
2059,0.001837739271756812
2060,107.33333333333333
2061,0.056790123456790124
2062,29.592151667209215
2063,684.7354497354497
2064,311.662962962963
2065,196672.14126984126
2066,0.5022102532840111
2067,0.002456776275931323
2068,665.7333333333333
2069,0.3522398589065256
2070,0.6144278852351172
2071,434.2719126492195
2072,0.0017299746167670535
2073,6.513226772742681
2074,0.28554162260160143
2075,299.39814366899014
2076,-103.78827362060548
2077,-1.5267345428466874
2078,428259900.0921357
2079,4.94702129823046
2080,58.96187496185303
2081,2.3607079977037304
2082,87.71600341796875
2083,32.16601976017596
2084,-48.59399601104829
2085,-44.85954666137695
2086,-150.58248901367188
2087,238.29849243164062
2088,23.988042155023564
2089,254.36509482295332
2090,-0.11611295162536962
2091,38.68620713635847
2092,428259900.0921357
2093,0.036145287270519945
2094,1496.622622597233
2095,452.7899212805796
2096,20.069190051794507
2097,103019.7414091802
2098,45.63371817046823
2099,209.09267625841795
2100,9.319546491848577
2101,0.9141696329182596
2102,2.3069764329445386
2103,2.7134214939447983
2104,3.6944326577126
2105,2.3069764329445372
2106,0.004202550360150857
2107,8.292415192735186
2108,0.4329929409216918
2109,0.3561356344298604
2110,0.4329929409216918
2111,0.3561356344298604
2112,0.9961750835814224
2113,0.9564226995863906
2114,-0.30186516314159473
2115,0.96742825831665
2116,0.34898293243232587
2117,0.01143845260843517
2118,40.138380103589014
2119,5.844909299113682
2120,54.60305568756663
2121,209.09267625841812
2122,218.3382523355193
2123,0.0364112852370473
2124,58.783699408893206
2125,540.1145033822467
2126,1.371783943226132
2127,715.3023630870345
2128,0.0061755790227190415
2129,0.004171406899845803
2130,5.401021595709031
2131,5056.162879219416
2132,0.8418519808959964
2133,0.9059932362546061
2134,0.14841964159477825
2135,0.9335715218264957
2136,507.9273384822952
2137,0.0038067645706419775
2138,69.11240957150807
2139,0.03845988290011579
2140,54.146397063134444
2141,620.5175292153589
2142,69.51196438508626
2143,23566.12409571508
2144,0.43265261962391477
2145,0.0035609833243984913
2146,502.1530328324986
2147,0.27943963986226966
2148,0.5435935598443669
2149,353.993575208753
2150,0.0019498431747511133
2151,7.286654873710863
2152,0.27149116180691946
2153,55.944814968619255
2154,-121.65277404785157
2155,-17.544913482666033
2156,371406075.84262586
2157,4.931064801118518
2158,58.274478912353516
2159,2.3440251392658396
2160,58.099884033203125
2161,32.3548845943737
2162,-66.30982207664118
2163,-61.89863204956055
2164,-166.41497802734375
2165,224.51486206054688
2166,24.103753423527802
2167,236.8799547961607
2168,-0.2873792340290552
2169,38.74291840298091
2170,371406075.84262586
2171,0.03643562424652476
2172,1501.013726380037
2173,449.0804026590384
2174,19.813158617875555
2175,119272.18938814882
2176,-551.5581872338743
2177,229.87522884123516
2178,4.017254019898955
2179,0.9656277816068829
2180,1.5321090787854077
2181,2.187200044815283
2182,1.5525010596454356
2183,1.532109078785407
2184,0.00600792624740917
2185,7.733772333571636
2186,0.5162428234669226
2187,0.457537750280913
2188,0.5162428234669226
2189,0.457537750280913
2190,0.9981127219690579
2191,0.9684663981522826
2192,-0.4285175542087505
2193,0.9912748187413878
2194,0.42981733571511604
2195,0.017849057772642847
2196,39.62631723575111
2197,5.9017643100874135
2198,58.473120715283514
2199,229.8752288412351
2200,209.48343444983846
2201,0.03621076607751509
2202,59.33132221672187
2203,509.581099879123
2204,1.5401395795461232
2205,797.0576414804301
2206,0.009517245260513781
2207,0.005581220479121424
2208,5.509240714819096
2209,4641.593340242155
2210,0.8006296594175789
2211,0.8740223366299821
2212,0.22373567056007515
2213,0.913508968224633
2214,465.13760709952146
2215,0.004872043922275748
2216,40.23872180451128
2217,0.0378183475606309
2218,54.792992016363584
2219,597.499060150376
2220,196.60056390977442
2221,91022.1090225564
2222,1.3061537197215507
2223,0.0043786469766571865
2224,234.77631578947367
2225,0.22065443213296398
2226,0.48141164450101576
2227,300.64389888299127
2228,0.0024921975903237684
2229,7.573642507772153
2230,0.1607493579090497
2231,157.90140677115724
2232,-1.463966308459597
2233,1.3892015300132787
2234,595656636.7598
2235,1.088145690201827
2236,1.3023950848199188
2237,9.379498036613205
2238,13.029289050245923
2239,0.951041653559219
2240,-0.016672433284657614
2241,0.0008669783363134398
2242,-9.634921472302212
2243,22.664210522548135
2244,0.5597372838257723
2245,299.98656281530117
2246,0.27732662020651744
2247,1.3932163290015833
2248,595656636.7598
2249,0.4890963058477268
2250,1.941051739396648
2251,6.256541942216328
2252,2.504105594465788
2253,0.7060573587170382
2254,0.013321347176997731
2255,0.5202253759948269
2256,0.5763075469219157
2257,-0.05100204693392758
2258,0.5469020625597901
2259,1.065033339969679
2260,0.26977856062325734
2261,0.54690206255979
2262,0.24677794960062077
2263,2.155373429670914
2264,0.7310812953778847
2265,0.7294756308660745
2266,0.7310812953778847
2267,0.7294756308660745
2268,0.9781201548765472
2269,0.9095228346327744
2270,-0.027702883340321206
2271,0.23604356279863487
2272,0.5245556888309603
2273,0.28796808958489445
2274,5.0082111889315755
2275,1.537947870065118
2276,0.2741332307291856
2277,0.5202253759948268
2278,2107.889121005304
2279,0.4838743307773282
2280,0.28376676382145033
2281,6.554141948051258
2282,3.192927414651382
2283,20.846404246314574
2284,0.5800794463050458
2285,0.18478667175064553
2286,2.5143090954546397
2287,2178.748749899446
2288,0.4977787482129556
2289,0.6580822108847492
2290,0.8553835406862014
2291,0.7299094261531172
2292,4.798077714063516
2293,0.13593715106150012
2294,60.7286432160804
2295,0.3051690613873387
2296,0.791091134062271
2297,7.592964824120603
2298,74044.3768844221
2299,487954.5175879397
2300,13184.184525404802
2301,0.24252372975991066
2302,71.91457286432161
2303,0.36137976313729453
2304,0.6231516635707363
2305,4.960503201976019
2306,0.1613809044943607
2307,4.144243124784449
2308,0.030064964496147456
2309,72938.06237216233
2310,-10.682799714246984
2311,10.751033922002135
2312,596672602.5030096
2313,2.912457518195529
2314,9.793977655936486
2315,6.138683155934676
2316,52.18940515511114
2317,6.865496199353916
2318,0.08861665464118247
2319,0.018255615981478693
2320,-63.390207573530645
2321,115.57961272864179
2322,4.18281486039583
2323,300.242285831612
2324,0.03790232932614973
2325,9.60480898795894
2326,596672602.5030096
2327,0.17453760241596888
2328,92.25235569517683
2329,182.49338781131175
2330,13.515400582610834
2331,316.3434661034196
2332,-0.0369345088767743
2333,7.281906721924468
2334,7.979238745920013
2335,-0.044588242410963465
2336,1.9755394109460909
2337,2.6292324419040596
2338,4.065095747152134
2339,1.9755394109460904
2340,0.03379065965660366
2341,5.755842314994651
2342,0.48102636186548897
2343,0.41690217837487414
2344,0.48102636186548897
2345,0.41690217837487414
2346,0.9872048000984931
2347,0.9288453676452648
2348,-0.029916086494569005
2349,0.39895934053444826
2350,0.39697977346799534
2351,0.07571323798883112
2352,27.030801165221682
2353,3.384258554294221
2354,3.8152863669611197
2355,7.281906721924466
2356,906.2097442309762
2357,0.16184217677810495
2358,4.175372490197026
2359,186.92612540601814
2360,1.7354377689880702
2361,321.99563015686306
2362,0.010312430597692721
2363,0.006163105791596078
2364,3.6917000443166765
2365,4229.011990552824
2366,0.749057901716016
2367,0.8453984450358527
2368,0.29403143639710394
2369,0.8862201552662362
2370,165.9458260774747
2371,0.005520369027827978
2372,123.2903981264637
2373,0.09624543179271171
2374,9.256958574883864
2375,191.28571428571428
2376,1505.1451990632318
2377,275602.8665105386
2378,8.29426824700154
2379,0.007591930929154534
2380,436.25058548009366
2381,0.34055471153793415
2382,0.6050889558079412
2383,115.97842547463073
2384,0.0051558116117010454
2385,5.895721510300167
2386,0.19353376642997433
2387,1478.4467211591257
2388,-3.199812532097563
2389,3.4097845372936595
2390,596183164.2979069
2391,1.5788093069750369
2392,2.3546523376695543
2393,8.161886344508053
2394,21.842566088700874
2395,2.112038094234561
2396,0.1009600747713769
2397,0.06876776207487859
2398,-18.816658649846552
2399,40.65922473854742
2400,1.0890010994402843
2401,300.11911929753273
2402,0.034275327980399256
2403,3.3014436428892786
2404,596183164.2979069
2405,0.4034388177934842
2406,10.89953012717403
2407,20.591779247524432
2408,4.528076484995871
2409,10.008269488396483
2410,0.059719848963396965
2411,1.3047756889563291
2412,0.9516018887117996
2413,0.15562980965685802
2414,0.635663943844768
2415,1.3634093608630737
2416,0.5209907790980944
2417,0.6356639438447681
2418,0.18561189524412416
2419,3.012330694561311
2420,0.7219440465924052
2421,0.7116533056182359
2422,0.7219440465924052
2423,0.7116533056182359
2424,0.9890005839456526
2425,0.939032015652546
2426,-0.08420610739044382
2427,0.4067823090311836
2428,0.4662059162800388
2429,0.2460296595866024
2430,9.056152969991741
2431,2.126883110040065
2432,0.5640943944170321
2433,1.3047756889563291
2434,1688.670325974838
2435,0.37194013728304093
2436,0.6939545893866311
2437,21.084061282676377
2438,3.0755937060586716
2439,64.19190702424739
2440,0.16341281419762227
2441,0.05724893291506884
2442,2.9793510738275044
2443,2487.302191337662
2444,0.5413790646828495
2445,0.6854625960231038
2446,0.8573001850668244
2447,0.7602198954024659
2448,16.08215254577096
2449,0.044949285989618996
2450,88.61866125760649
2451,0.17975387679027685
2452,2.598759920839008
2453,22.949290060851926
2454,21142.042596348885
2455,450839.6673427992
2456,1040.16019918951
2457,0.09030186851241134
2458,167.1866125760649
2459,0.3391209180041885
2460,0.6022113199628821
2461,13.549791735208135
2462,0.06233869523714729
2463,4.816493154904659
2464,0.07448255023417434
2465,20961.786100745117
2466,-40.69917720993311
2467,26.939147877377575
2468,571694796.9936497
2469,4.502477641472392
2470,31.966166517284613
2471,4.245104800457329
2472,129.30737778280042
2473,21.147001157689505
2474,-7.47462884507899
2475,-8.314373116858029
2476,-108.89195592837827
2477,238.19933371117867
2478,13.475702119476345
2479,293.89075820792954
2480,0.31282323468494744
2481,28.29637769587092
2482,571694796.9936497
2483,0.05590395105028145
2484,800.6849907073813
2485,433.951783447253
2486,20.644184577611416
2487,25995.498753822685
2488,167.25951098839414
2489,77.58292600167599
2490,46.52716779264297
2491,0.2465337773294644
2492,4.697930237391197
2493,3.695299749980947
2494,22.93330432665011
2495,4.6979302373912
2496,0.004568420402037357
2497,8.57730581003948
2498,0.32183331917316926
2499,0.23618210799484007
2500,0.32183331917316926
2501,0.23618210799484007
2502,0.9819036810974716
2503,0.9177297819510206
2504,-0.08049232526858988
2505,0.6494497358826452
2506,0.2408214996955308
2507,0.015161972846944668
2508,41.28836915522285
2509,5.119616339291991
2510,31.027523448579743
2511,77.582926001676
2512,333.32319603525127
2513,0.05430353729637823
2514,33.31281319371917
2515,476.38523056974253
2516,1.2721729509185746
2517,595.606241439984
2518,0.00505135534874645
2519,0.004117595162801653
2520,4.911964114610658
2521,5367.980068335527
2522,0.872643815439386
2523,0.9271793322254125
2524,0.10305208908076777
2525,0.9472185781174887
2526,453.2707182882837
2527,0.003938438483019379
2528,123.99024390243902
2529,0.043202175575762725
2530,45.93374691935073
2531,513.9700348432056
2532,55.44564459930314
2533,24135.105226480835
2534,0.1411588510542774
2535,0.004301062089978501
2536,1237.5247386759581
2537,0.43119328873726764
2538,0.6817231356163147
2539,361.55784018401215
2540,0.0025833434873535526
2541,6.518614123455775
2542,0.43360024172835776
2543,50.12675508990032
2544,-2.4858485720830745
2545,3.1129179023779283
2546,596509888.1734588
2547,1.4754673776897085
2548,2.224856855628447
2549,12.451284484154066
2550,22.075224823223817
2551,1.8832949172239646
2552,0.18625562495938278
2553,0.08592889853548039
2554,-29.68945200571757
2555,51.76467682894139
2556,0.9864201265590549
2557,300.2013445741044
2558,0.10529163917471411
2559,3.0098534792696747
2560,596509888.1734588
2561,0.42582384429392317
2562,9.059217966671767
2563,43.04029248722067
2564,6.551655771486123
2565,12.300636237317505
2566,0.5785444403110918
2567,1.2228589847659082
2568,0.7584631198952119
2569,0.22952795101555448
2570,0.5634664074679646
2571,1.25126528923431
2572,0.4207909047491547
2573,0.5634664074679648
2574,0.20567948041476491
2575,2.782326310242739
2576,0.7430243469388689
2577,0.7362083357132254
2578,0.7430243469388689
2579,0.7362083357132254
2580,0.9939722606610217
2581,0.9541878159260841
2582,-0.09648535725224684
2583,0.43222272133483075
2584,0.4551733905258267
2585,0.2626760007157475
2586,13.103311542972246
2587,2.034894019318654
2588,0.4953305261652798
2589,1.222858984765908
2590,1755.6956878454944
2591,0.3977411047980741
2592,0.6200685396674073
2593,43.42174620936469
2594,3.235715198907155
2595,139.88663684535138
2596,0.07802469074842124
2597,0.02479381052996838
2598,2.9430167113048493
2599,2307.847021486698
2600,0.515832598992892
2601,0.6664729740723094
2602,0.8968100866372826
2603,0.7412483195563423
2604,32.28197450160708
2605,0.01860418144234718
2606,73.39800995024876
2607,0.18258211430410137
2608,2.5806044404841466
2609,45.51243781094527
2610,28367.559701492537
2611,1248967.4427860696
2612,658.9224627964488
2613,0.031390388609716754
2614,127.87064676616916
2615,0.31808618598549543
2616,0.582427945447685
2617,25.97371601122299
2618,0.020212272402179963
2619,4.936879167977712
2620,0.06073424988668983
2621,28096.45774238261
2622,-32.49066858980007
2623,21.529288015380867
2624,581303720.7084001
2625,4.234409165900127
2626,24.649576105817538
2627,6.380975156067786
2628,129.87861883757782
2629,17.57104942528491
2630,-4.70802394147496
2631,-3.5927405699654043
2632,-133.51805695837353
2633,263.39667579595135
2634,10.480011943315231
2635,296.35029290250304
2636,-0.3773308659633698
2637,25.022889098798856
2638,581303720.7084001
2639,0.07138694635369285
2640,626.1449788507866
2641,705.1030252339302
2642,26.357345415619758
2643,33825.71489322128
2644,-513.9969438340677
2645,69.7361193510817
2646,28.163649478342627
2647,0.4162627278185221
2648,3.649288211743732
2649,3.357633423637792
2650,14.01041031233167
2651,3.6492882117437326
2652,0.0071915990999969065
2653,8.011664458515604
2654,0.3609144535387817
2655,0.27684991855606883
2656,0.3609144535387817
2657,0.27684991855606883
2658,0.9906529130625326
2659,0.9393529510521061
2660,-0.09762102748794566
2661,0.6928424298387823
2662,0.28197443264091926
2663,0.02042750041624598
2664,52.71469083123951
2665,4.918236208856439
2666,24.474942207356072
2667,69.73611935108163
2668,417.04476288117826
2669,0.06904327123022065
2670,26.21948942766049
2671,731.2201176039405
2672,1.3407430202785737
2673,977.095008523044
2674,0.002583977298086601
2675,0.002035852559433276
2676,4.7171323130414935
2677,5129.8617395422825
2678,0.8465472143674776
2679,0.9122107685334764
2680,0.1288011088690496
2681,0.93528483827028
2682,684.5245367039586
2683,0.0019283910999127066
2684,119.09175870858114
2685,0.05059123139701833
2686,40.770076458371975
2687,744.4617672047578
2688,130.2748513169074
2689,94023.86661002549
2690,0.18523036877677862
2691,0.0025878369639773355
2692,874.9923534409515
2693,0.3717044831949667
2694,0.6316260293720114
2695,478.64272657188786
2696,0.0018620204997207603
2697,6.64469463169407
2698,0.3556428463514126
2699,122.36857760864027
2700,-20.79353875976138
2701,6.412834132860853
2702,577785860.5894254
2703,3.2173681073639946
2704,10.35021746700372
2705,12.653488216272246
2706,106.14454361862582
2707,9.466155852588468
2708,-4.93555477612962
2709,-2.415938043818393
2710,-114.0156461887026
2711,220.16018980732844
2712,4.843375716175724
2713,295.45222458129433
2714,-0.8014129965571174
2715,15.132421312042785
2716,577785860.5894254
2717,0.16986879210984612
2718,228.9901747651667
2719,504.5915006124001
2720,22.28999642250426
2721,14867.686338266261
2722,-189.79846457763256
2723,33.9059656945137
2724,2.9185772070318103
2725,0.8412555266206991
2726,1.0043338945372553
2727,1.9519882996296263
2728,1.885737046879068
2729,1.0043338945372557
2730,0.06928932843228852
2731,5.411224031540906
2732,0.6696244494138155
2733,0.6409926807847776
2734,0.6696244494138155
2735,0.6409926807847776
2736,0.998580076802534
2737,0.9789905983952979
2738,-0.30606077694743
2739,0.9223071428986829
2740,0.3873404012806058
2741,0.2112762446346497
2742,44.57999284500853
2743,4.068959894214918
2744,9.206135725386371
2745,33.90596569451369
2746,787.3452654282634
2747,0.14430234073823217
2748,10.85189800144654
2749,513.7264636379946
2750,2.141870840235254
2751,1116.5943332995787
2752,0.004822090389971441
2753,0.0025940990454641818
2754,4.1432371651254885
2755,4024.5958861927675
2756,0.730984622336236
2757,0.8177623856729463
2758,0.5710365985018541
2759,0.874938298150658
2760,448.2467012787822
2761,0.002340909902910114
2762,82.33799533799534
2763,0.06397668635430873
2764,28.273827872895474
2765,504.985236985237
2766,1862.5322455322455
2767,995959.6806526807
2768,3.4940230929033325
2769,0.0039458410015032926
2770,433.986790986791
2771,0.3372080738048104
2772,0.6016293660995328
2773,306.2027313656057
2774,0.0027907109370561593
2775,6.5028937512921585
2776,0.1944402477715667
2777,1836.0821242126606
2778,907.8280002143586
2779,1479.076749326432
2780,14951636126.630428
2781,7.394918766707074
2782,345.05589464884486
2783,2.2546158399857648
2784,1876.47713143588
2785,182.65079409824708
2786,1187.2795509921386
2787,1173.5396081686943
2788,550.4819985938573
2789,1325.9951328420227
2790,139.359404857829
2791,1502.9625840912302
2792,0.11241035495461701
2793,216.5549961991419
2794,14951636126.630428
2795,0.006519594401983549
2796,46896.06637881036
2797,20739.93543504997
2798,138.61024448496184
2799,94963700.51160446
2800,-45846.64706317683
2801,6437.748842122139
2802,339.7675934033541
2803,0.8991731938106539
2804,13.483051272077374
2805,5.174631832566733
2806,152.50734732941714
2807,13.48305127207737
2808,0.00024169176672030236
2809,12.282880228966986
2810,0.16607494827762698
2811,0.09258001081227682
2812,0.16607494827762698
2813,0.09258001081227682
2814,0.9952983271674662
2815,0.9535667693362593
2816,-0.32209990412969924
2817,0.9953958576651075
2818,0.09609110183466238
2819,0.0012845721832432434
2820,277.22048896992357
2821,8.247042438592798
2822,1694.37910888138
2823,6437.748842122182
2824,42.40021412353943
2825,0.006529010986333023
2826,1867.4689048946093
2827,18161.69437346896
2828,1.0595193310846411
2829,19516.169972095264
2830,0.00026999637556241574
2831,0.00026510254876266164
2832,7.5039693908628715
2833,6259.429764768584
2834,0.9638073788233374
2835,0.981138215161484
2836,0.020613357839402928
2837,0.9860609328657024
2838,17845.439162489824
2839,0.00026395013542850445
2840,35.00346220427005
2841,0.006732729795012512
2842,1767.414188540926
2843,17206.396807078283
2844,2.429505674168109
2845,53604.05270244278
2846,0.00040932433142410596
2847,0.0003096413744417926
2848,3637.3704558568957
2849,0.6996288624460272
2850,0.8619018941903749
2851,14458.458752079041
2852,0.0002961973141411718
2853,8.134677837770765
2854,0.7854660824898021
2855,0.808647082877768
2856,59.0
2857,6619.0
2858,6619.0
2859,6144.826415766349
2860,0.9283617488693683
2861,0.2774402238057017
2862,3.6043800220559397
2863,69.6419413859206
2864,44.68780594300866
2865,60.207972893961475
2866,61.220911460055866
2867,55.07097641202567
2868,29.24695159362752
2869,23.35718881449954
2870,0.5310774113538499
2871,0.42412883039784105
2872,331.59880869918345
2873,516.05610851026
2874,3497139900.1636343
2875,5.9313098525793535
2876,92.9664791047826
2877,5.538647345796975
2878,691.6594579304046
2879,59.54333264872701
2880,422.5262529478583
2881,428.9922629994318
2882,-24.03486533657198
2883,715.6943232669767
2884,39.250002305042166
2885,726.8759715885272
2886,-0.8376091345094856
2887,79.40083043578926
2888,3497139900.1636343
2889,0.02038336760808507
2890,6304.491873892958
2891,8015.274699573797
2892,88.59362665730669
2893,3392319.739792864
2894,-16065.170410007848
2895,787.5676659702825
2896,122.01431813618612
2897,0.7319724907517339
2898,8.281851969887569
2899,4.487868555981198
2900,52.27734118175374
2901,8.281851969887578
2902,0.0007778502899816345
2903,10.767678653311123
2904,0.2107480488721873
2905,0.12501172111320502
2906,0.2107480488721873
2907,0.12501172111320502
2908,0.994285352258386
2909,0.9476310920919819
2910,-0.16806630756519766
2911,0.9260559775106579
2912,0.12592697071539477
2913,0.003222852240186988
2914,177.18725331461326
2915,6.753258806561187
2916,227.3954960266171
2917,787.5676659702789
2918,129.87700771108007
2919,0.020270713882982065
2920,254.872125433722
2921,8359.536690110597
2922,1.1051413571682374
2923,9216.174845660244
2924,0.00033358417479400045
2925,0.0003192055808751908
2926,6.1313654913745745
2927,6023.304213859885
2928,0.9398463958971784
2929,0.9679709925970704
2930,0.03726297457643716
2931,0.9764180555170208
2932,8166.727573527548
2933,0.000315975413726214
2934,82.75523349436394
2935,0.01903732079465469
2936,291.12071653402506
2937,8430.755003450655
2938,3.8083735909822867
2939,31103.030825856913
2940,0.0007879314607728853
2941,0.0004053782473530551
2942,2438.2252127904303
2943,0.560898369632029
2944,0.777494656362235
2945,6581.212249638673
2946,0.00037425258778918966
2947,7.275341779583376
2948,0.6567457319836834
2949,1.4898822310630557
2950,-36.87064208984375
2951,42.83871154785153
2952,612054988.3452506
2953,4.782800966167577
2954,39.45242500305176
2955,4.84362043139486
2956,149.4650421142578
2957,25.845043137690602
2958,2.103929207998652
2959,1.8671000003814697
2960,-186.83917236328125
2961,336.30421447753906
2962,16.568932728264116
2963,304.08782365283736
2964,-0.17852785324935427
2965,34.67881847767679
2966,612054988.3452506
2967,0.045953427255671225
2968,1202.6204510076573
2969,1585.4673420236586
2970,39.46303826686834
2971,102073.31350929485
2972,-167.8935051411123
2973,144.74744611494876
2974,32.21249602490203
2975,0.6348977800651142
2976,4.213489688634617
2977,3.5525632651773287
2978,14.027428727328989
2979,4.2134896886346205
2980,0.0032179320579615546
2981,8.872940700484076
2982,0.31463564229148344
2983,0.22272304126124057
2984,0.31463564229148344
2985,0.22272304126124057
2986,0.9932773728856845
2987,0.9440469659084858
2988,-0.12406490209364407
2989,0.8182562668055522
2990,0.2311277249304114
2991,0.008292447254752554
2992,78.92607653373659
2993,5.567820973206327
2994,44.239985534962656
2995,144.74744611494864
2996,281.02299153557163
2997,0.04529599684731962
2998,49.419064039957604
2999,1561.5261523803854
3000,1.2181374769523055
3001,1905.981934246802
3002,0.001097925097404886
3003,0.0009476369403400037
3004,5.146222143463311
3005,5495.274951580965
3006,0.8849066383221663
3007,0.9372435994282201
3008,0.07732686503717666
3009,0.953211351514268
3010,1487.7929954678434
3011,0.0009151551054459041
3012,108.43997248022016
3013,0.037303052108778864
3014,68.27889348040097
3015,1550.4097007223943
3016,18.89955280357757
3017,29393.72342621259
3018,0.013302065554450834
3019,0.001225183935888516
3020,1223.4623323013416
3021,0.42086767537025854
3022,0.6743097419453373
3023,1037.228822982907
3024,0.000983412641789035
3025,6.8676465411425
3026,0.4391902100015108
3027,13.715198205486939
3028,-124.58664245605468
3029,57.858314514160156
3030,546435230.3660214
3031,5.660994621478504
3032,84.48814296722412
3033,2.8248675524118534
3034,111.5419921875
3035,53.473301995957506
3036,-20.632547389893197
3037,-7.5453996658325195
3038,-229.0289306640625
3039,340.5709228515625
3040,36.94734832036675
3041,287.3248280012059
3042,-0.6108243471963045
3043,67.15194120844379
3044,546435230.3660214
3045,0.02362770071306716
3046,4509.383208062291
3047,2107.7143355846647
3048,43.79915912159844
3049,1683030.8963030693
3050,-15424.485625155852
3051,765.9548962628978
3052,8.7700582733851
3053,0.9774886210276578
3054,2.322858708767844
3055,2.637652478416464
3056,2.981102486795989
3057,2.3228587087678427
3058,0.0028634553452541907
3059,8.965172738670255
3060,0.4218499096038451
3061,0.3394309554724268
3062,0.4218499096038451
3063,0.3394309554724268
3064,0.9981688631255399
3065,0.968058568628859
3066,-0.41732981707957184
3067,0.9944732687640782
3068,0.32742653766315616
3069,0.0076739009041556176
3070,87.59831824319687
3071,6.633389131846728
3072,193.68123863407067
3073,765.9548962628976
3074,141.69257082713852
3075,0.023502884508739975
3076,179.55301404747362
3077,1959.1195749757035
3078,1.3666828992240536
3079,2745.5241472624807
3080,0.0027610111492419316
3081,0.002074177117981758
3082,6.093596190734232
3083,5146.390552753264
3084,0.8519486541374975
3085,0.9103978058502922
3086,0.15193344740072914
3087,0.9378141000113733
3088,1826.1229270446834
3089,0.0019246756052859752
3090,44.214854111405835
3091,0.023456156027271
3092,158.57441664863833
3093,1677.5888594164455
3094,56.484350132626
3095,129450.26896551724
3096,0.06289015005741352
3097,0.0021529570191470846
3098,589.6832891246685
3099,0.31282933110061983
3100,0.5780275152987534
3101,908.5044336290567
3102,0.0009152331648781816
3103,7.752553263527732
3104,0.28478622148360777
3105,44.154379190735185
3106,-145.1109161376953
3107,32.633438110351555
3108,462089055.07863843
3109,5.590306933573741
3110,74.33220261335373
3111,3.234505262290946
3112,79.55335998535156
3113,50.233795750115696
3114,-43.94147780601992
3115,-35.61943054199219
3116,-260.9163513183594
3117,340.46971130371094
3118,32.99449809092775
3119,264.2205854277955
3120,-0.7457353181494364
3121,65.16556587371888
3122,462089055.07863843
3123,0.0244478113693449
3124,4246.550975641994
3125,2300.6910515581785
3126,46.04211093515169
3127,1748990.7049163622
3128,-17074.20474552321
3129,728.4459633122788
3130,5.424966229154731
3131,0.9852768439887396
3132,1.7929126862871243
3133,2.378377832436641
3134,2.0613306037182095
3135,1.792912686287124
3136,0.0035158858273670796
3137,8.605899104141796
3138,0.47946139144844224
3139,0.4105996255548551
3140,0.47946139144844224
3141,0.4105996255548551
3142,0.9988650486352786
3143,0.975094631228234
3144,-0.4600642104522525
3145,0.9966074813746081
3146,0.3929146894767157
3147,0.009092108605472191
3148,92.08422187030338
3149,6.562323853154613
3150,183.46773238535837
3151,728.4459633122791
3152,144.18375379624624
3153,0.02440612112585316
3154,168.59149531266635
3155,2143.4409398133257
3156,1.4588271021170027
3157,3247.4884921346884
3158,0.0015000079388009708
3159,0.001121293241216614
3160,6.089478043425123
3161,4902.839008507085
3162,0.8281853488902887
3163,0.8921984496844758
3164,0.19395916900524982
3165,0.9266333364040793
3166,1971.470430613933
3167,0.0010506942684985906
3168,36.68068424803992
3169,0.026144464895252968
3170,139.13115754603
3171,1683.1225944404846
3172,141.8439059158945
3173,394726.3635067712
3174,0.08102386602277235
3175,0.001974214851350097
3176,402.1062009978617
3177,0.2866045623648337
3178,0.552953226456189
3179,900.254179549515
3180,0.0015214892286849865
3181,7.710107096666539
3182,0.21196555370901948
3183,119.58676271039201
3184,-5.002272185324079
3185,4.681857103094154
3186,595634527.3427552
3187,1.904835723223556
3188,3.9197286051119002
3189,7.103480506578005
3190,23.079767200614718
3191,3.0572279380639262
3192,-0.05268727840941863
3193,0.036994401346081895
3194,-37.835185919038615
3195,60.91495311965333
3196,1.7233009957808567
3197,299.9809953548189
3198,-0.10166164688407889
3199,4.49523805423082
3200,595634527.3427552
3201,0.33848463865178097
3202,20.20716516420489
3203,72.15115136660407
3204,8.499503333212928
3205,16.649714460397
3206,-0.29727054934781777
3207,1.6673047874508038
3208,2.0290618082853045
3209,-0.09860745073463273
3210,0.9780005822431805
3211,1.8119095476941012
3212,1.0662440501727102
3213,0.9780005822431806
3214,0.1267397982084454
3215,3.747358840443302
3216,0.6312334923426871
3217,0.6042450450169069
3218,0.6312334923426871
3219,0.6042450450169069
3220,0.9887240956258375
3221,0.9346438915356425
3222,-0.03685392168132286
3223,0.3560525611300184
3224,0.49500611886437473
3225,0.19342479492160958
3226,16.99900666642586
3227,2.3243184428672268
3228,0.9240916489340268
3229,1.6673047874508038
3230,1547.4305079787146
3231,0.30612211530783684
3232,1.1028065105474445
3233,73.01360205269154
3234,2.2031696577774977
3235,161.01251325492268
3236,0.03157491633508614
3237,0.014833556901178132
3238,3.0165186607808496
3239,3210.66805194046
3240,0.6334746698032077
3241,0.763292154287773
3242,0.4754816426353291
3243,0.8230216910468828
3244,60.10625496135201
3245,0.012358275101300546
3246,161.47964796479647
3247,0.17764537729900604
3248,3.7387644154954542
3249,73.99229922992299
3250,10689.816281628162
3251,788855.5291529153
3252,146.8422201965479
3253,0.017943211059138268
3254,436.72057205720574
3255,0.4804406733302593
3256,0.7206203381960279
3257,53.617629135495356
3258,0.013603530914415855
3259,4.382726902037389
3260,0.1373319232512464
3261,10636.794172926642
3262,-35.23148786112303
3263,35.6417964846078
3264,601670415.8593001
3265,4.554709564359279
3266,35.633081413736676
3267,3.6162935501268922
3268,121.87836757333017
3269,22.191110657344275
3270,0.12998384238077348
3271,0.2640896130908843
3272,-134.01857625845435
3273,255.8969438317845
3274,14.886295199007474
3275,301.4970994234679
3276,-0.012737314964186768
3277,28.679152001702406
3278,601670415.8593001
3279,0.051605137786693206
3280,822.4937595367511
3281,754.0186219455413
3282,27.51979229602947
3283,13690.990178924583
3284,-6.562580653192941
3285,61.64074381552332
3286,74.92434773074936
3287,-0.09806433280179562
3288,6.682868966232485
3289,4.19130839884769
3290,30.095005422792884
3291,6.682868966232487
3292,0.002757252529841812
3293,9.022803445131705
3294,0.23605284648521163
3295,0.1464756025259844
3296,0.23605284648521163
3297,0.1464756025259844
3298,0.9746785707666558
3299,0.8932294282896609
3300,-0.030974956979455993
3301,0.4962715823683883
3302,0.1528254290994644
3303,0.0071798444330592424
3304,55.039584592058944
3305,4.99388848375984
3306,34.14127288656813
3307,61.640743815523265
3308,322.7244664540762
3309,0.050907341620499265
3310,33.65129226764931
3311,791.4642585192388
3312,1.1448841705115984
3313,904.0582036873583
3314,0.0019516002874814611
3315,0.0017458009321802302
3316,4.816136828433728
3317,5851.592656239851
3318,0.9221759116398949
3319,0.9577556451706631
3320,0.052456882628442905
3321,0.9689504874999441
3322,767.2853955668915
3323,0.0017015821834970464
3324,164.68293963254592
3325,0.04322386866995956
3326,43.16841135015604
3327,798.5958005249344
3328,6.625459317585302
3329,5158.977690288714
3330,0.009749408815165929
3331,0.0019540266170102586
3332,1937.3926509186351
3333,0.5085020081151274
3334,0.7412587818812503
3335,595.9568831893384
3336,0.0015670751468871344
3337,6.236233637912773
3338,0.5756156519111648
3339,3.607351079146603
3340,-9.9370474836421
3341,9.315659591275871
3342,595472721.0606322
3343,2.7562266352932476
3344,6.706016999559095
3345,9.341626437122626
3346,66.51253772842064
3347,6.047901956493792
3348,-0.21138798807757506
3349,-0.13681517566377693
3350,-61.24365888820922
3351,127.75619661662986
3352,3.1050664936642036
3353,299.94024712396475
3354,0.024733189831455515
3355,9.536244163720339
3356,595472721.0606322
3357,0.21435266232730052
3358,90.93995275009021
3359,180.57764761760342
3360,13.441760597442311
3361,600.1200437331839
3362,-0.6365035943975994
3363,7.322364895994171
3364,7.7358019172637
3365,-0.02945618807053707
3366,1.7179078144730244
3367,2.455526888520279
3368,4.585781098562367
3369,1.7179078144730244
3370,0.06351269255322448
3371,5.24644741437009
3372,0.5471794374602447
3373,0.5005208156707927
3374,0.5471794374602447
3375,0.5005208156707927
3376,0.9903628429878086
3377,0.9447863567373174
3378,-0.1069060474160102
3379,0.6428499597069466
3380,0.42005458636261084
3381,0.137712655478983
3382,26.883521194884615
3383,3.1879046737747463
3384,3.764541703314469
3385,7.322364895994171
3386,1065.6744984084241
3387,0.1911184928762897
3388,4.310004671287862
3389,185.36615738529542
3390,1.714651556866194
3391,315.49309700749376
3392,0.010416874155184226
3393,0.006426125423195862
3394,3.5823244120492053
3395,4145.095444084699
3396,0.740570563959397
3397,0.8411681987750883
3398,0.2815739634359835
3399,0.8830059927994627
3400,164.05821684118402
3401,0.0057705119434601085
3402,146.89500316255535
3403,0.09291271547283703
3404,11.55937462618436
3405,192.8798228969007
3406,2017.719797596458
3407,366949.1157495256
3408,11.161824405200964
3409,0.008320349220175199
3410,718.8140417457306
3411,0.4546578379163381
3412,0.7011088942394872
3413,137.90553739036775
3414,0.006486936960627315
3415,5.378428471684267
3416,0.23885783350959358
3417,2000.1922553600411
3418,-74.92403725482721
3419,83.80573889181565
3420,638096410.6210942
3421,5.755593596586851
3422,80.9550545403718
3423,5.437069074030543
3424,285.9571278145752
3425,51.24395415211603
3426,2.8168778304495405
3427,1.6993534639790189
3428,-490.1395104575031
3429,776.0966382720783
3430,33.55248077935795
3431,310.48953024889994
3432,-0.2523936107393724
3433,68.59800941136068
3434,638096410.6210942
3435,0.023012788910113567
3436,4705.686895201128
3437,10144.762345664409
3438,100.67942238887122
3439,887536.5137593658
3440,-1006.1480597042299
3441,383.83781400720227
3442,350.2965999245238
3443,0.04033350355071319
3444,13.512441889312418
3445,5.118484333747939
3446,154.1070443667708
3447,13.512441889312434
3448,0.0007402375173870793
3449,10.84910450401679
3450,0.15916343939262342
3451,0.08477629955496496
3452,0.15916343939262342
3453,0.08477629955496496
3454,0.9867937237085751
3455,0.9254502196919662
3456,-0.11107490228601972
3457,0.8373078078242031
3458,0.08920424586444899
3459,0.002289605624912671
3460,201.3588447777422
3461,6.210546496554982
3462,183.53360348293148
3463,383.83781400720164
3464,147.83034118857697
3465,0.022854363961105344
3466,190.6839682462772
3467,10203.26473889154
3468,1.0733680813487416
3469,10946.60029780564
3470,0.0002697565893548015
3471,0.00026223394133193976
3472,5.908454434130835
3473,6190.744218033723
3474,0.9567261113924256
3475,0.977233372459238
3476,0.025539775982118467
3477,0.983139500554144
3478,10032.184970977532
3479,0.0002605046729472744
3480,103.32443448135317
3481,0.02105653851260509
3482,219.4361482656274
3483,10212.549215406561
3484,2.6026085184430405
3485,26425.074994905237
3486,0.0004766368147593504
3487,0.00031302260960795395
3488,3123.048909720807
3489,0.6364477093378453
3490,0.8254940630718567
3491,8432.37231009817
3492,0.0002950165722401141
3493,6.879528309702295
3494,0.7413506571989726
3495,0.7831060621382869
3496,-6.9411767499972665
3497,7.279905447209808
3498,596459226.8589823
3499,2.3827834642609016
3500,5.79468221396686
3501,8.659139420326902
3502,52.872490731216104
3503,4.590668915203174
3504,0.10975388185832201
3505,0.05886878213749408
3506,-41.27905237690806
3507,94.15154310812417
3508,2.5555329597318686
3509,300.18859632134803
3510,0.2185798697928565
3511,6.879606555004155
3512,596459226.8589823
3513,0.26046566079360467
3514,47.32898635165614
3515,90.33991228597722
3516,9.500279772934709
3517,131.04392501420512
3518,-0.6079492430622893
3519,3.903502804795653
3520,3.5652458591900205
3521,0.04419659667567669
3522,1.2540574378545286
3523,2.0826298845631968
3524,1.9164379251820658
3525,1.2540574378545286
3526,0.08518121628214999
3527,4.550300088367187
3528,0.5894783252081564
3529,0.5516273209392445
3530,0.5894783252081564
3531,0.5516273209392445
3532,0.9916212530878262
3533,0.9446736909866714
3534,-0.07556156235396654
3535,0.5167743666648753
3536,0.4630171950900747
3537,0.16289326600111617
3538,19.000559545869425
3539,2.841721673161674
3540,1.8671871659964183
3541,3.9035028047956506
3542,1253.1222230030673
3543,0.23397379388099207
3544,2.319076602234291
3545,93.02130090334194
3546,1.9049526659639584
3547,175.4187466913311
3548,0.0227878772048387
3549,0.012588543629089009
3550,3.33246371481958
3551,3728.254100859463
3552,0.6928955592283272
3553,0.808314060920195
3554,0.3534398742252221
3555,0.8571701599383439
3556,80.00220422066512
3557,0.01097063122454438
3558,137.49477351916377
3559,0.1197689664801078
3560,7.029009700251308
3561,98.84146341463415
3562,4549.83362369338
3563,404512.2717770035
3564,51.74887556473395
3565,0.016417778197032874
3566,461.8623693379791
3567,0.40231913705398875
3568,0.6586547782059025
3569,66.37249809576954
3570,0.011918966144955594
3571,5.232777379011398
3572,0.1734400966913431
3573,4516.590564259613
3574,-55.86628315304079
3575,52.34351035156769
3576,596378705.4721998
3577,5.17056183355025
3578,52.78280724424615
3579,4.617415914771285
3580,192.03548933155025
3581,33.99690258182893
3582,-3.2169058365790155
3583,-2.8702156511950387
3584,-248.0184364443567
3585,440.0539257759069
3586,22.430387702496674
3587,300.168333060404
3588,-0.2590222246989284
3589,44.95356705588148
3590,596378705.4721998
3591,0.03437404911501889
3592,2020.8231910476327
3593,2525.5184716949257
3594,50.181997035722
3595,140986.65211382374
3596,-557.0675878575936
3597,166.3283814852735
3598,137.19239136496336
3599,0.09084110836406975
3600,8.892511274214415
3601,4.554761001624492
3602,55.01032426927075
3603,8.892511274214408
3604,0.0014288736112110373
3605,9.936650656121968
3606,0.19993087328612552
3607,0.11589340272013969
3608,0.19993087328612552
3609,0.11589340272013969
3610,0.983771764281221
3611,0.914191784739466
3612,-0.06646710517773491
3613,0.6887474623343122
3614,0.12291584819157589
3615,0.004145761929228237
3616,100.36399407144397
3617,5.6589864707108015
3618,75.88019321255912
3619,166.3283814852735
3620,217.74595756144006
3621,0.034003769591060024
3622,82.1973038725571
3623,2567.1308151944813
3624,1.1067858280304899
3625,2840.332033841485
3626,0.0006849321877833365
3627,0.0006393126184276331
3628,5.380821286822909
3629,6011.584581193942
3630,0.9382351016188388
3631,0.9674364010366431
3632,0.03712197710919008
3633,0.9756833515608965
3634,2505.2069977232427
3635,0.000628829544296645
3636,131.08595725120662
3637,0.03012777689064735
3638,98.97744448437265
3639,2573.6226154906917
3640,3.9069179498965756
3641,9983.51574350724
3642,0.0019595989535238917
3643,0.0007360355244593488
3644,2462.695242472995
3645,0.5660067208625591
3646,0.780843713862573
3647,2013.3428092743402
3648,0.0006369969707290082
3649,6.581225405838095
3650,0.6573500528780782
3651,1.5926875426445475
3652,-17.452763680183388
3653,20.689137319032135
3654,600994209.1739428
3655,3.6467574216341316
3656,11.912532586150418
3657,10.693375963249064
3658,133.3460103312043
3659,12.08965271318281
3660,0.6508205475299738
3661,0.48377373784773425
3662,-150.85102585092685
3663,284.1970361821311
3664,5.711258919295606
3665,301.32762817827
3666,-0.41336458333564663
3667,20.184736997015207
3668,600994209.1739428
3669,0.1303385911183682
3670,407.42360763867447
3671,1026.2990981479165
3672,31.858709915612465
3673,31694.5494864727
3674,-123.53522403037428
3675,53.028202409036304
3676,7.743807074049682
3677,0.7445263277698093
3678,1.7362947440077394
3679,2.5344775152215697
3680,4.672337907943582
3681,1.736294744007739
3682,0.03484817995064485
3683,6.467650194618308
3684,0.5516048388624967
3685,0.5023205140615049
3686,0.5516048388624967
3687,0.5023205140615049
3688,0.997748848899405
3689,0.9721161540348352
3690,-0.20382765166027414
3691,0.8710668754418018
3692,0.38522020412765623
3693,0.10821309995146432
3694,63.717419831224944
3695,4.4582311685832625
3696,15.193002370771492
3697,53.02820240903632
3698,665.0655852308693
3699,0.11515835566123803
3700,18.312885192663526
3701,1017.7535397885543
3702,1.588578053674511
3703,1610.8219238163035
3704,0.0019146204386595253
3705,0.0013223995897052756
3706,4.35973933237377
3707,4572.1263096954535
3708,0.7891454067614107
3709,0.8696758748126031
3710,0.24543266926253499
3711,0.9072577386256248
3712,924.041305713678
3713,0.0012288457967900188
3714,99.77713075701429
3715,0.0528200798078424
3716,40.66803126736636
3717,1019.3409211222869
3718,1167.2731604023293
3719,1175954.627845421
3720,1.1612183555327695
3721,0.0019444381433013668
3722,802.0439385918476
3723,0.42458652122384727
3724,0.6772570420401638
3725,680.2366027622999
3726,0.0016010012555561985
3727,6.366358599344502
3728,0.2853905423780027
3729,1154.995352155818
3730,961.4902789736567
3731,1436.8382845930512
3732,15151339089.440132
3733,7.298745515236641
3734,242.97055969099983
3735,5.850435289002906
3736,1889.267014212039
3737,155.97857879541698
3738,1198.4922612341413
3739,1216.4954859856193
3740,81.68330395837916
3741,1807.5837102536598
3742,101.60335109120896
3743,1512.9665222511724
3744,-0.9322609323874311
3745,208.77892727523462
3746,15151339089.440132
3747,0.00781369386672953
3748,43588.64047419771
3749,49734.74418663356
3750,220.0230387424051
3751,186008951.07319963
3752,-337007.9341967519
3753,5754.865157114491
3754,458.8952796867778
3755,0.8523434306777036
3756,15.761089822843203
3757,5.378766872598625
3758,203.69063462905885
3759,15.761089822843205
3760,0.00023675846709456832
3761,12.297733538907197
3762,0.13827310911991442
3763,0.06887740179478725
3764,0.13827310911991442
3765,0.06887740179478725
3766,0.9965680729399711
3767,0.9595932804880561
3768,-0.3001779143098918
3769,0.9933951578818468
3770,0.07242696919275046
3771,0.0010722294491970206
3772,440.04607748480964
3773,8.118382969790686
3774,1553.440109200316
3775,5754.8651571144965
3776,50.81856805959488
3777,0.007802845951137011
3778,1749.7130545460172
3779,52031.07010406869
3780,1.0499645237276345
3781,54560.7039395268
3782,0.0003907376596389897
3783,0.00035396905109385683
3784,7.399138259783053
3785,6310.011753206141
3786,0.9688040537029318
3787,0.9839622531872139
3788,0.017007484282817478
3789,0.9880384933843207
3790,51424.08862479368
3791,0.0003447888791606752
3792,41.2581365073461
3793,0.0076730772749388325
3794,1832.9363149977646
3795,52280.502324716384
3796,1.9324902361911847
3797,99282.90701134462
3798,0.0008327003318579349
3799,0.0002516639429882422
3800,3861.3645155291056
3801,0.7181261884934174
3802,0.8720589807724107
3803,45698.8243721074
3804,0.0001087541222588994
3805,8.062953373750947
3806,0.8123583622903762
3807,0.417169071153494
3808,18.0
3809,58882.0
3810,58882.0
3811,29987.168772779634
3812,0.5092756491420066
3813,0.24408271709164472
3814,4.096971763980053
3815,107.09341716464182
3816,97.16480844420988
3817,83.93449827097318
3818,106.6770828247567
3819,81.53707528692213
3820,67.86135858919353
3821,36.31189133118534
3822,0.832276094652587
3823,0.4453420876749238
3824,194.09670702385972
3825,268.4009943709954
3826,16587305801.177797
3827,4.597386439301632
3828,38.60909048429602
3829,4.602282767792875
3830,343.43375512349525
3831,23.323281907024345
3832,229.92068143631448
3833,229.06343048133536
3834,-21.531420963906665
3835,364.9651760874019
3836,16.214925066459966
3837,530.7581225572247
3838,-0.09782284945554252
3839,29.803624721536057
3840,16587305801.177797
3841,0.04901375554861438
3842,888.2560465421552
3843,2659.1665520475294
3844,51.299248738703874
3845,62492.503261270256
3846,38.68843255760942
3847,120.6639359890833
3848,10.45372318291954
3849,0.8401906386715022
3850,2.4512476832373107
3851,2.838667176641485
3852,4.35031450531509
3853,2.451247683237307
3854,0.005122433084493752
3855,8.155340009277747
3856,0.4148969851911159
3857,0.333907542169492
3858,0.4148969851911159
3859,0.333907542169492
3860,0.9981070878952525
3861,0.9686450230875319
3862,-0.20442316073684924
3863,0.9133795873330397
3864,0.33683969620256193
3865,0.011378379894421418
3866,102.59849747740778
3867,5.480825056368672
3868,32.779414793000704
3869,120.66393598908321
3870,2535.801553502907
3871,0.048311946012466654
3872,36.49977628131863
3873,2692.8905511835346
3874,1.4033887803330207
3875,3753.0470419735
3876,0.0005802555349379974
3877,0.0004201681884698182
3878,5.165538392781094
3879,42400.6474414846
3880,0.8072277540046338
3881,0.8913955681898353
3882,0.14317880468258218
3883,0.9179737691261699
3884,2476.8433819158927
3885,0.0003876377251373822
3886,494.3686119873817
3887,0.038988060882285624
3888,56.34615201041904
3889,2772.6054416403786
3890,1088.1119873817036
3891,2696624.0900630914
3892,0.44633085029575753
3893,0.0005058167572122548
3894,4379.974132492113
3895,0.3454238274836052
3896,0.6095605359615511
3897,1682.5423026375242
3898,0.0003550322448384554
3899,7.263953120883937
3900,0.21534594612954722
3901,1066.5481226552158
3902,-13.005861949920655
3903,11.435792827606203
3904,5274250678.899819
3905,3.1203503489823063
3906,11.922066450119019
3907,13.208312020611938
3908,51.465179443359375
3909,8.450461900349527
3910,-0.981057054056773
3911,0.4976155757904053
3912,-116.51593780517578
3913,167.98111724853516
3914,5.01673969947753
3915,299.2878643628848
3916,-2.210167253730152
3917,12.68453839866889
3918,5274250678.899819
3919,0.1503357707545863
3920,160.89751438730553
3921,602.8507840388561
3922,24.45678562653615
3923,6841.479139327945
3924,-245.06795181113694
3925,21.856767347573957
3926,2.992914872403806
3927,0.7580921947794891
3928,1.1981434222419982
3929,2.0161200301362574
3930,1.5308234277304884
3931,1.1981434222419982
3932,0.035335701660521565
3933,5.602510540693923
3934,0.5846363902600403
3935,0.5450577365968968
3936,0.5846363902600403
3937,0.5450577365968968
3938,0.9976054938686161
3939,0.9679691070819318
3940,-0.1776068155477442
3941,0.8027386866726371
3942,0.4739605745444822
3943,0.0811202122657664
3944,48.913571253072284
3945,3.9441234648624195
3946,6.21242055499444
3947,21.856767347573964
3948,6416.973263112454
3949,0.14041384719792335
3950,7.471642345954529
3951,592.0121346351227
3952,2.1191982248195704
3953,1280.985501662284
3954,0.0037625837461638867
3955,0.0019011198735730721
3956,4.179597964122295
3957,29779.13091214769
3958,0.649219747534094
3959,0.7759090540925402
3960,0.44321223002611065
3961,0.8326026962558005
3962,489.2314583132234
3963,0.001619971910936322
3964,326.74428822495605
3965,0.07178037966277594
3966,23.320045612150516
3967,500.3471001757469
3968,76569.68409490334
3969,47248530.90443761
3970,124.66564710711319
3971,0.00322380660243426
3972,1350.2394551845343
3973,0.2966255393639135
3974,0.5628011571556666
3975,270.5173642567781
3976,0.0021259380542805596
3977,6.759779097925729
3978,0.07730715668625386
3979,76402.35918528638
3980,-28.305517387390132
3981,16.65627670288086
3982,5157503602.177944
3983,3.8373660554553486
3984,18.14885973930359
3985,7.473261644151112
3986,64.55270385742188
3987,15.630393142649165
3988,-5.004408875407031
3989,-0.4648646116256714
3990,-117.54637145996094
3991,182.0990753173828
3992,7.878742944282929
3993,295.95691626268683
3994,-1.9349748539986735
3995,23.834796008588107
3996,5157503602.177944
3997,0.09620644612966202
3998,568.0975007710075
3999,583.3116396659428
4000,23.692573220824
4001,62051.44397055602
4002,-1715.209265963914
4003,89.60583503492025
4004,1.7188443755330456
4005,0.9622603699524223
4006,0.8587528317157405
4007,1.6987245157749624
4008,0.9600491166457581
4009,0.8587528317157398
4010,0.029294299395808427
4011,5.983487321837591
4012,0.6663273060498459
4013,0.6440923918094458
4014,0.6663273060498459
4015,0.6440923918094458
4016,0.9987569559127136
4017,0.9779522103933167
4018,-0.4298119045538268
4019,0.9792778776485684
4020,0.46947827604039905
4021,0.06988090279650727
4022,47.38514644164802
4023,4.777432489696726
4024,22.83116985261331
4025,89.60583503492023
4026,3564.3711643866595
4027,0.08811666495603035
4028,26.56143178900153
4029,556.6564827655388
4030,3.3582035906999264
4031,2015.3177559263484
4032,0.008218587568429466
4033,0.0032610960725145063
4034,5.210273241949121
4035,23630.519152982
4036,0.5801743310112437
4037,0.68472015739432
4038,1.1614522789929485
4039,0.7883100532845242
4040,428.1596206270463
4041,0.0027255732040515927
4042,107.0604929051531
4043,0.039977779277503026
4044,47.097400169981306
4045,412.3383121732636
4046,84073.92606422704
4047,50885021.75130694
4048,141.89863588648987
4049,0.005654756101624114
4050,737.7796863330844
4051,0.2754965221557447
4052,0.5418734536147156
4053,227.5001745252103
4054,0.0027040785957696844
4055,7.421607403838745
4056,0.04548079209265989
4057,83590.48452887773
4058,-58.13177032470702
4059,14.216243171691897
4060,4986693513.807366
4061,4.1073512495176185
4062,22.609365224838257
4063,5.232952729383651
4064,70.29351806640625
4065,20.68463053941164
4066,-10.460987658580184
4067,-2.5802245140075684
4068,-118.79039001464844
4069,189.0839080810547
4070,11.066917620571335
4071,291.01479045593317
4072,-1.5880874088123977
4073,29.27060977270276
4074,4986693513.807366
4075,0.08204017093154577
4076,856.7685964658423
4077,540.6906714162511
4078,22.527376537666413
4079,98235.2815711175
4080,-2595.6293845030013
4081,134.0647024290505
4082,1.2416085185452503
4083,0.9815982758923731
4084,0.7248126029142412
4085,1.5526268161780643
4086,0.6996017466908019
4087,0.7248126029142407
4088,0.03126338171852966
4089,6.002865524023832
4090,0.7027595864197184
4091,0.6857574542516848
4092,0.7027595864197184
4093,0.6857574542516848
4094,0.9991876721278187
4095,0.9821855287413055
4096,-0.5209123173967489
4097,0.9920908375942578
4098,0.4462106407533847
4099,0.06939210089455435
4100,45.05475307533285
4101,5.021702378735967
4102,33.82657773689895
4103,134.0647024290505
4104,2621.743849279784
4105,0.06969568593261023
4106,39.68797468788195
4107,505.1464397542878
4108,4.290399474626478
4109,2482.8850750009246
4110,0.019615602136631584
4111,0.0061592896586342444
4112,5.668561051348208
4113,20249.975044803617
4114,0.5344034907941896
4115,0.6355213686826074
4116,1.7212042220844697
4117,0.7567215371313409
4118,364.9692455853049
4119,0.004800816272556793
4120,69.03596730245232
4121,0.03762178054629554
4122,55.83055740738496
4123,382.3465940054496
4124,107006.86648501363
4125,63166235.10354223
4126,199.52720919369622
4127,0.007992679766690753
4128,348.5062670299728
4129,0.1899216714059797
4130,0.44470067057837964
4131,170.60395554715151
4132,0.0034158958041151295
4133,7.921522675683572
4134,0.03116402296117659
4135,105977.20855481888
4136,-4.973096219883429
4137,5.0188971060325365
4138,5307974085.25237
4139,2.0566382765320355
4140,4.895739537171531
4141,88.90180536536785
4142,214.62404217357755
4143,4.471312452640212
4144,0.0029348794038695286
4145,0.00805533188309826
4146,-192.33458143712815
4147,406.9586236107057
4148,2.0590067837737003
4149,300.24315874078775
4150,0.3495701435176651
4151,12.0080570614076
4152,5307974085.25237
4153,0.33190448278664264
4154,144.1934343900209
4155,1559.8152664477839
4156,39.50209199502427
4157,9364.542329972557
4158,-3.39729822326966
4159,9.25958278795973
4160,11.659650737051107
4161,-0.10676607079589047
4162,1.2902897766985535
4163,1.9365825145154067
4164,9.981768968616363
4165,1.29028977669855
4166,0.12197867740466183
4167,3.910233313717043
4168,0.625528799306742
4169,0.5995289448194714
4170,0.625528799306742
4171,0.5995289448194714
4172,0.9984986329437588
4173,0.9855771057278994
4174,-0.07116547615314608
4175,0.49879899205971195
4176,0.4942052585438588
4177,0.17794880523183815
4178,79.00418399004838
4179,2.4714914848184235
4180,5.229808381252712
4181,9.259582787959744
4182,12080.333805141712
4183,0.2900159662773262
4184,8.08096907914579
4185,1568.5693580715172
4186,2.672780879066466
4187,4179.090423145566
4188,0.0017861118470502942
4189,0.000712701916435113
4190,3.4332149685955264
4191,23516.248097736257
4192,0.5645314155417557
4193,0.7073821698155116
4194,0.6726442681690454
4195,0.7789666597841728
4196,1223.6162490741137
4197,0.0005707801794922904
4198,728.9259696790707
4199,0.14351761560918896
4200,57.48759472358783
4201,1621.6207914943886
4202,214476.91395944083
4203,334684849.2606812
4204,137.53278870969237
4205,0.0012041743760510162
4206,2759.51191179366
4207,0.5433179586126521
4208,0.7645168211230831
4209,1249.7548725494994
4210,0.0010382970671381935
4211,5.44848082801882
4212,0.08625726028327842
4213,214342.51104686141
4214,-7.837115372632801
4215,7.6812015931893765
4216,5307432055.486571
4217,2.5367615063454934
4218,7.817396675806017
4219,65.46362745308818
4220,186.6952582913521
4221,5.644153334929909
4222,0.04414568067719314
4223,-0.036532873936661464
4224,-228.238880983758
4225,414.9341392751101
4226,3.273231269582187
4227,300.22782851486477
4228,0.2643722336244053
4229,10.500459871053975
4230,5307432055.486571
4231,0.22655162375880733
4232,110.25965750361486
4233,2162.2614733777464
4234,46.50444236550238
4235,3722.874669387048
4236,18.484959214043954
4237,7.263301539809659
4238,8.870258647835175
4239,-0.09430720958818484
4240,1.6143556978699698
4241,2.2913262408404274
4242,6.251370798788216
4243,1.614355697869968
4244,0.05575461663372874
4245,4.921304347074168
4246,0.5312988626293499
4247,0.47942067793317444
4248,0.5312988626293499
4249,0.47942067793317444
4250,0.9988339297041757
4251,0.9818304839999019
4252,-0.03622022892059216
4253,0.4055487724716092
4254,0.4519061061109203
4255,0.10090907182294112
4256,93.00888473100451
4257,2.9551518868548845
4258,4.033390046911215
4259,7.26330153980966
4260,9614.643347069192
4261,0.2055965437101834
4262,5.455474381670111
4263,2168.9465299332132
4264,1.9776222392084128
4265,4282.304612428097
4266,0.0009414241737223569
4267,0.0004885476973511833
4268,3.5369570938978288
4269,31566.902301914426
4270,0.6726531554563745
4271,0.7942429840123537
4272,0.3788283033415448
4273,0.8461756986069766
4274,1836.3241891816672
4275,0.00041728655881856196
4276,701.4735028712059
4277,0.11508999226763017
4278,31.46025081411961
4279,2207.2885972108284
4280,106123.38113207548
4281,229619713.42231336
4282,49.08052175697932
4283,0.0006539294355942156
4284,2714.816899097621
4285,0.4454170466115867
4286,0.6932409771399907
4287,1540.9590643922954
4288,0.0005098404408030712
4289,5.565735468992626
4290,0.10351210896369009
4291,106030.05190138907
4292,-10.12210706600529
4293,9.989810375176049
4294,5309806397.032295
4295,2.8892172722118303
4296,9.915671212493884
4297,60.04397847619214
4298,211.5184915880775
4299,7.131769132683785
4300,0.025276612010861576
4301,-0.010887635971200599
4302,-251.72465608307525
4303,463.24314767115277
4304,4.161279963647002
4305,300.2949762137992
4306,0.021646242112252752
4307,12.724234088248862
4308,5309806397.032295
4309,0.17849583644084335
4310,161.90613313255434
4311,2652.4108172507313
4312,51.50321948493813
4313,9373.184596096044
4314,8.5462247921119
4315,11.57404625979953
4316,12.25726495734768
4317,-0.031018061561007615
4318,1.934341193454089
4319,2.501685934212525
4320,8.301090887402843
4321,1.9343411934540788
4322,0.03841305688484242
4323,5.506231331872836
4324,0.5004353890425082
4325,0.4407538271541217
4326,0.5004353890425082
4327,0.4407538271541217
4328,0.9987204079396416
4329,0.9805788191401643
4330,-0.07591145202832812
4331,0.5481538537314501
4332,0.41025365407865794
4333,0.0780477486274404
4334,103.00643896987599
4335,3.307792503745137
4336,5.957827804286806
4337,11.574046259799545
4338,8076.248148699295
4339,0.16458548976868606
4340,7.63549483149033
4341,2660.5960529182316
4342,1.724636200953081
4343,4583.422312589852
4344,0.000675829880103486
4345,0.0004022218143641538
4346,3.729776924333111
4347,35733.442728866445
4348,0.7261387532999829
4349,0.8334217326439066
4350,0.27534422422573673
4351,0.8760772677476187
4352,2331.7595111957444
4353,0.0003554133030626467
4354,793.6786373139835
4355,0.09761144229664045
4356,34.593227905106524
4357,2695.7877259869633
4358,54548.06838027303
4359,144644422.04968637
4360,20.58816102718196
4361,0.000522774733240683
4362,3616.9350633378426
4363,0.4448327466901787
4364,0.693386851407644
4365,1879.117911748063
4366,0.0004054557547599673
4367,5.737483629139264
4368,0.13808973879963315
4369,54495.626629318176
4370,-18.20894488764256
4371,17.61117337440755
4372,5307471126.792165
4373,3.638892514273066
4374,18.1074754866232
4375,12.752167985607137
4376,234.11987475400136
4377,11.68555681079749
4378,-0.20657257440879848
4379,0.23475863745286618
4380,-176.74814656471688
4381,410.8680213187182
4382,7.577419321943728
4383,300.2289335946401
4384,-0.11877231863961296
4385,16.165192228724354
4386,5307471126.792165
4387,0.10067628000755599
4388,261.3134397916103
4389,1335.7644898930141
4390,36.532149156494576
4391,5179.994821535096
4392,-50.25418733517683
4393,21.844906579812502
4394,17.17992626155678
4395,0.11661980252849832
4396,2.9226529952506635
4397,3.036630958303787
4398,8.106309746887609
4399,2.9226529952506577
4400,0.01233363840662413
4401,7.019708323100939
4402,0.392608888689286
4403,0.31018351400989397
4404,0.392608888689286
4405,0.31018351400989397
4406,0.9975805568393703
4407,0.9670113684137938
4408,-0.05079173130830123
4409,0.43084711184379226
4410,0.3114437811157791
4411,0.026747163796966116
4412,73.06429831298904
4413,4.152450361009975
4414,9.756208210342322
4415,21.844906579812527
4416,5099.255746852949
4417,0.0970339405744821
4418,11.250614903688362
4419,1339.0384202966839
4420,1.4071497824063786
4421,1887.0812350564288
4422,0.0011042596572418953
4423,0.0007974446475064154
4424,4.216406564255558
4425,42715.79339479737
4426,0.8107706404281528
4427,0.8925660969918982
4428,0.14610196041679457
4429,0.9189896576241842
4430,1230.013628326389
4431,0.0007363144408720735
4432,887.7800993571011
4433,0.06485827727623474
4434,25.737847632006744
4435,1329.0385739333724
4436,5738.510374050263
4437,7718637.6588252485
4438,4.273099060291991
4439,0.0009060658400863675
4440,5096.178696668615
4441,0.3723099573837387
4442,0.6335141657196005
4443,841.3773510366628
4444,0.0006170301862326156
4445,6.412412543277797
4446,0.23246492985971945
4447,5720.005543491404
4448,-7.960216509728399
4449,7.820851838671111
4450,5318224876.034823
4451,2.6412482745651906
4452,7.7310499611002435
4453,64.83445794951045
4454,230.03858727965942
4455,6.683695709042003
4456,0.11175483241084039
4457,-0.10772114683182772
4458,-268.3288230111413
4459,498.36741029080076
4460,3.2476344348001116
4461,300.53293458137415
4462,0.23272173886076578
4463,15.905325507622479
4464,5318224876.034823
4465,0.22455363289273594
4466,252.97937950342626
4467,2970.3155283506553
4468,54.5020211476048
4469,27589.938450261492
4470,33.28784683253106
4471,18.635558288081832
4472,19.254955865590436
4473,-0.02959730988915875
4474,1.774133023621402
4475,2.292866195920244
4476,15.971190877514807
4477,1.7741330236213984
4478,0.059542823938504325
4479,4.991573396675436
4480,0.5536013176669521
4481,0.5086052453838984
4482,0.5536013176669521
4483,0.5086052453838984
4484,0.9983430713513448
4485,0.983880006307571
4486,-0.08878656352148505
4487,0.5831543111122439
4488,0.4532784335510247
4489,0.11183582191071881
4490,109.00404229520933
4491,3.1154262180022703
4492,9.472628538418062
4493,18.63555828808184
4494,9379.690090421384
4495,0.2011533606573557
4496,12.665150363862656
4497,2986.402842033751
4498,1.9915137113129775
4499,5929.321171885261
4500,0.000701065226609786
4501,0.0003666190390590188
4502,3.672906170113852
4503,31349.70259577932
4504,0.6704961531757233
4505,0.7918888624707048
4506,0.38648442910390607
4507,0.8451267023046954
4508,2526.6899409357075
4509,0.0003143665807629733
4510,617.8493849384938
4511,0.09268667640841492
4512,76.07967988518024
4513,3084.3372337233723
4514,97505.18391839183
4515,289487490.7107711
4516,32.85700123035954
4517,0.0005396866647237066
4518,3244.2940294029404
4519,0.48669277368780983
4520,0.725304383582798
4521,2261.4157790783834
4522,0.0004457432989944353
4523,5.928790840738696
4524,0.1132094697870317
4525,97427.15879085657
4526,-14.35511107064963
4527,14.448575940121346
4528,5315896163.105286
4529,3.4197707948226013
4530,14.347662439616272
4531,45.64163039573579
4532,295.60845029693473
4533,10.79786327608516
4534,-0.23001046383395787
4535,0.5615166804244948
4536,-265.47867672059084
4537,561.0871270175255
4538,5.995604728816312
4539,300.4671295829309
4540,-0.24427410507003694
4541,20.45603415358637
4542,5315896163.105286
4543,0.1256424821821264
4544,418.449333292692
4545,2968.721864437049
4546,54.46450436232189
4547,57760.47937230862
4548,-385.3491853548841
4549,34.227972248158494
4550,24.869748533679545
4551,0.13846252974562173
4552,2.5357857353246356
4553,2.803799996962227
4554,18.132855278387947
4555,2.5357857353246294
4556,0.019254054327748953
4557,6.5058049981983075
4558,0.44233524366538707
4559,0.36955047819090714
4560,0.44233524366538707
4561,0.36955047819090714
4562,0.9983259929318679
4563,0.9792550840488126
4564,-0.07021191958967846
4565,0.552880801912257
4566,0.36558659902969426
4567,0.04171695534785803
4568,108.92900872464367
4569,3.9873390018306196
4570,14.774430195459498
4571,34.22797224815851
4572,6069.078191875833
4573,0.1193436943055057
4574,18.94120196188279
4575,2980.185949954027
4576,1.5485383962646717
4577,4622.8680214739425
4578,0.0005710672389946529
4579,0.0003869719062018058
4580,4.135615434331577
4581,39110.916382360345
4582,0.7670717470370791
4583,0.8637143909722973
4584,0.20137205871008063
4585,0.8974930875850415
4586,2673.311554485559
4587,0.0003525300720962334
4588,697.5152701644479
4589,0.06827674923301173
4590,72.69716684225276
4591,2951.4986296006264
4592,19854.316562255284
4593,59537580.65808535
4594,6.62728741911807
4595,0.0005828983202594218
4596,4049.206147220047
4597,0.39635925481793727
4598,0.6543687981562674
4599,1934.3057434398695
4600,0.00046072395861134825
4601,6.524717595267048
4602,0.17349954145579294
4603,19821.096278527886
4604,-16.366906966874858
4605,15.424357302942473
4606,5312037704.48577
4607,3.5725509225206826
4608,15.596446823042129
4609,50.71896134077903
4610,412.16689540824257
4611,12.009776344213128
4612,-0.5343294045431088
4613,0.011342074607036512
4614,-297.94329641642736
4615,710.11019182467
4616,6.583312634569214
4617,300.35806514685623
4618,0.9175488769498658
4619,23.136106707404835
4620,5312037704.48577
4621,0.11426343783519356
4622,535.279433576423
4623,3663.6454394495267
4624,60.42378764207118
4625,236747.11751714372
4626,454.0762313269501
4627,64.92783663381748
4628,14.482746511950474
4629,0.6332440313911898
4630,2.045712331774585
4631,2.5687135504428724
4632,10.233124423281891
4633,2.0457123317745722
4634,0.018072442738534325
4635,6.613186300618836
4636,0.4843483081378624
4637,0.4206416680154348
4638,0.4843483081378624
4639,0.4206416680154348
4640,0.9993196985681014
4641,0.9863111120850042
4642,-0.12832435204465287
4643,0.758293647388839
4644,0.407220851637506
4645,0.040772569307990406
4646,120.84757528414211
4647,4.369558282134904
4648,19.852645786441972
4649,64.9278366338174
4650,5620.768586324351
4651,0.10874103944203914
4652,23.901849566336715
4653,3668.5577100206874
4654,1.4772782100137625
4655,5420.5859304012065
4656,0.00043995644590193384
4657,0.0003092846682998362
4658,4.229110266879153
4659,40857.939556027595
4660,0.7886149640140012
4661,0.8778887631847797
4662,0.17404678524587636
4663,0.9083040286902371
4664,3331.964989949226
4665,0.0002841586055859785
4666,751.4410128684101
4667,0.06238613639422251
4668,80.5951967929866
4669,3671.8632627646325
4670,14003.882274802823
4671,51308690.457534246
4672,3.825887735261388
4673,0.0004219886353124777
4674,4729.189124117891
4675,0.392626743388783
4676,0.6510185002011585
4677,2401.4748776379597
4678,0.00032243878396256314
4679,6.605884781356141
4680,0.20456166570428994
4681,13979.984828347964
4682,551.3167867152799
4683,757.2296434831886
4684,53488526770.15125
4685,6.07658147582803
4686,106.9092293719616
4687,6.079096218651229
4688,954.0043087314898
4689,65.02925229388833
4690,649.3558049782712
4691,647.3705482946639
4692,-103.71163832887181
4693,1057.7159470603617
4694,44.526443361127924
4695,953.1012556392376
4696,-0.3854349541028217
4697,84.41302657261986
4698,53488526770.15125
4699,0.017700101625630637
4700,7125.559055149826
4701,23019.10999569804
4702,150.97174604328563
4703,4783339.785649126
4704,-3735.2524516757135
4705,965.0518462303514
4706,58.51342010129608
4707,0.8852283183707281
4708,5.2707855756523605
4709,3.867685062699369
4710,30.16939542588997
4711,5.270785575652296
4712,0.000927605958494885
4713,10.66614171518826
4714,0.2845412812510752
4715,0.19324307263304813
4716,0.2845412812510752
4717,0.19324307263304813
4718,0.9987235919891231
4719,0.9763218283011456
4720,-0.22456116293614004
4721,0.9627681218835765
4722,0.1993136228794909
4723,0.0024438635254876886
4724,301.9434920865712
4725,6.964852411781056
4726,255.89131658291146
4727,965.0518462303509
4728,977.7373546436561
4729,0.017574246177129403
4730,289.40718701180714
4731,23228.341725657476
4732,1.18623981223971
4733,27450.298831051095
4734,7.588319870244959e-05
4735,6.736101794743155e-05
4736,6.40510552201603
4737,49968.69485380748
4738,0.8979137642514706
4739,0.9448349110215233
4740,0.06549022779383859
4741,0.9590131403536939
4742,22298.134765126175
4743,6.548587229542223e-05
4744,450.3467200228669
4745,0.016090707446865332
4746,355.86104462499685
4747,23582.718808060596
4748,13.663641560668857
4749,305629.6623910247
4750,0.0006735497546993533
4751,8.898437061473751e-05
4752,12228.413248535086
4753,0.4369162944310092
4754,0.6873228656306316
4755,16245.435377264976
4756,7.502640764387941e-05
4757,8.04355878321147
4758,0.4753235284127577
4759,9.237539995754322
4760,18.0
4761,58882.0
4762,58882.0
4763,29987.168772779634
4764,0.5092756491420066
4765,0.24408271709164472
4766,4.096971763980053
4767,107.09341716464182
4768,97.16480844420988
4769,83.93449827097318
4770,106.6770828247567
4771,81.53707528692213
4772,67.86135858919353
4773,36.31189133118534
4774,0.832276094652587
4775,0.4453420876749238
4776,180.52547682472357
4777,253.14709179710349
4778,15720869715.384066
4779,4.56553417340044
4780,38.32807456875611
4781,5.131157814831912
4782,470.3395143533879
4783,22.892356416667752
4784,215.87518009719884
4785,214.14659486749207
4786,9.05777480660431
4787,461.2817395467836
4788,15.964987623285552
4789,516.7101679860917
4790,0.27333283117802126
4791,29.36317864090513
4792,15720869715.384066
4793,0.05017691199635583
4794,862.1962598977073
4795,1813.339350283732
4796,42.29674536876114
4797,57838.151916938914
4798,362.27606865121254
4799,112.30154201232106
4800,15.00722646115305
4801,0.7638856060860586
4802,2.80995797073273
4803,3.0320278345409815
4804,6.99657797385461
4805,2.809957970732722
4806,0.00479044904748778
4807,8.285449831602666
4808,0.3935888994766591
4809,0.30964638132121985
4810,0.3935888994766591
4811,0.30964638132121985
4812,0.9983247247779383
4813,0.9716656242103625
4814,-0.16181572462848337
4815,0.8687634341956694
4816,0.3123387962374812
4817,0.012160480706702724
4818,84.59349073752209
4819,5.421702634818425
4820,31.827192118368565
4821,112.30154201232102
4822,2623.5614455716955
4823,0.04946002403249353
4824,35.52602909203519
4825,1863.8278139578895
4826,1.3623535783315506
4827,2507.8489543709634
4828,0.0008372033959999722
4829,0.0006198344183970418
4830,5.095297200563915
4831,43683.32949386299
4832,0.8230534639516978
4833,0.9008447142002398
4834,0.12881413033367603
4835,0.9254911518598684
4836,1730.8525104702285
4837,0.0005752545166949863
4838,606.4244166384849
4839,0.04101619321193676
4840,53.46958030039173
4841,2005.4119039567129
4842,756.8919851200541
4843,1281205.1673993913
4844,0.4559393151190975
4845,0.0006807520817410355
4846,5666.9582008792695
4847,0.3832910518011004
4848,0.6437730333204932
4849,1317.2281619368605
4850,0.00046415239696693535
4851,7.076337009271888
4852,0.2510954111613057
4853,741.0312815603289
4854,-10.47654457092285
4855,20.877344703674318
4856,5453141534.089592
4857,3.495781139584006
4858,14.698805510997772
4859,14.470752310954444
4860,99.69984436035156
4861,10.554906735758266
4862,3.9090427257992935
4863,4.010900497436523
4864,-255.18777465820312
4865,354.8876190185547
4866,6.2358974454402105
4867,304.32113038241073
4868,-1.492119836909756
4869,15.831744904353448
4870,5453141534.089592
4871,0.11917544657258217
4872,250.64414671652136
4873,2852.9237590760167
4874,53.34977342835583
4875,15803.671648381305
4876,-306.6452671340472
4877,31.708888893245224
4878,4.808137611313619
4879,0.7349148077377808
4880,1.4914324084545436
4881,2.2694876997327578
4882,2.5444713282736937
4883,1.4914324084545425
4884,0.02431300563872776
4885,6.2440754982089315
4886,0.5400047196974476
4887,0.48972884290373525
4888,0.5400047196974476
4889,0.48972884290373525
4890,0.9990821774003928
4891,0.9801475881170516
4892,-0.1707632013629841
4893,0.8169609647987685
4894,0.44817355732017705
4895,0.0586008452894745
4896,106.69954685671159
4897,4.2956552357401865
4898,9.129256626139721
4899,31.708888893245227
4900,5295.099477253945
4901,0.11103313345229407
4902,11.434998967460466
4903,2846.9969604043645
4904,1.8754116760177222
4905,5347.587448784181
4906,0.0006874159737520765
4907,0.000379098382874587
4908,4.4325371895102945
4909,33167.89572561623
4910,0.6936612094630673
4911,0.8096728006207988
4912,0.3402835750548644
4913,0.8584559445699238
4914,2442.195168839454
4915,0.00032923909672992414
4916,359.86544437538845
4917,0.05591445686379559
4918,35.72964472546705
4919,2730.1235239279054
4920,39054.15257924177
4921,110891775.93427595
4922,13.772100056123092
4923,0.00054594833256399
4924,2161.8983840894966
4925,0.3359071448243469
4926,0.6006721765907759
4927,1611.1129066286692
4928,0.0003962363008096029
4929,6.878374594281599
4930,0.10930335246764716
4931,38970.451118939025
4932,-24.98666362762451
4933,29.910231590270996
4934,5502532200.261337
4935,4.127155153166504
4936,24.01017314195633
4937,5.671367706381601
4938,65.41960144042969
4939,17.890239489397906
4940,4.652285557064998
4941,8.879924774169922
4942,-125.24232482910156
4943,190.66192626953125
4944,10.355924287433083
4945,305.69618569331703
4946,-1.4272149243759966
4947,25.241688776694584
4948,5502532200.261337
4949,0.0745430662790043
4950,637.1428522995093
4951,796.1476589058411
4952,27.79195905942266
4953,59390.97446195735
4954,-1532.0125247620108
4955,97.84408119226092
4956,2.8402334823290074
4957,0.9434335025421042
4958,1.1949665772813873
4959,2.0081004059653553
4960,1.3693700065024155
4961,1.194966577281387
4962,0.016695292070216167
4963,6.697669017711506
4964,0.584095304869432
4965,0.5446541690605291
4966,0.584095304869432
4967,0.5446541690605291
4968,0.9982409810038231
4969,0.9717663433887133
4970,-0.35651484098814407
4971,0.9692502092786389
4972,0.47528192434766925
4973,0.037274605972342674
4974,55.58391811884532
4975,5.037739021165438
4976,25.171078668647503
4977,97.84408119226097
4978,3223.2749707733415
4979,0.0713595164907162
4980,27.030696743448992
4981,759.4538008551364
4982,2.4313444107446553
4983,1967.5805197826949
4984,0.003747871999536624
4985,0.001745123619421445
4986,5.143010407979116
4987,30748.26491710127
4988,0.67794423095985
4989,0.7661450671878318
4990,0.6999323035274282
4991,0.8482220865043119
4992,633.2715139123476
4993,0.001518160052047245
4994,205.37919880567304
4995,0.05110206489317568
4996,32.83436622383487
4997,570.9265986563822
4998,37100.878825578504
4999,31417739.780542422
5000,44.7922345249899
5001,0.0027528900530814863
5002,1118.3779547151032
5003,0.2782726933851961
5004,0.5432338657932423
5005,306.32730739224917
5006,0.001610187266855866
5007,7.157310381017535
5008,0.0682551543765497
5009,36886.2297149005
5010,-46.3268455505371
5011,25.73113307952881
5012,5247279105.438339
5013,4.250014347354968
5014,26.499640941619873
5015,4.7214536266606215
5016,60.2846794128418
5017,20.65573188984143
5018,-2.832116068902997
5019,3.467078447341919
5020,-128.5115966796875
5021,188.7962760925293
5022,12.038242908293258
5023,298.52163124155436
5024,-1.353940562011501
5025,28.397413245445552
5026,5247279105.438339
5027,0.06852334009436555
5028,806.4130790326064
5029,720.581065501259
5030,26.26097369625283
5031,77044.06048282504
5032,-1999.4993309218662
5033,125.29584129472656
5034,1.5427821543221023
5035,0.975594792496169
5036,0.8726845063592568
5037,1.672547130748788
5038,0.7537946075994693
5039,0.8726845063592569
5040,0.019772057159747235
5041,6.411038743793895
5042,0.6525883644712726
5043,0.6275291962184519
5044,0.6525883644712726
5045,0.6275291962184519
5046,0.9989901129435269
5047,0.9785819506322331
5048,-0.47637909534188994
5049,0.9897898950842382
5050,0.47934584958293347
5051,0.05059981174759568
5052,52.521947392505666
5053,5.185105564404491
5054,31.709655862262185
5055,125.29584129472664
5056,2663.953211979016
5057,0.06415005078547215
5058,34.31797287714733
5059,675.1858269886866
5060,3.1416208898964575
5061,2358.6564014028063
5062,0.005994715804881635
5063,0.0024279518307787932
5064,5.474634595321817
5065,25622.525038418786
5066,0.6122891226752218
5067,0.7040064483595625
5068,1.0725701046247242
5069,0.8080856596241309
5070,529.1717331818013
5071,0.0020708846045744663
5072,94.49422098936662
5073,0.04368664863123746
5074,42.167567600413875
5075,461.9343504392048
5076,71500.6870087841
5077,56680110.32732316
5078,93.40922777594432
5079,0.006079399343559649
5080,405.7165973185391
5081,0.187571242403393
5082,0.4371223394397028
5083,204.59112552121843
5084,0.003240187520809916
5085,7.8330817533980674
5086,0.036734485920994535
5087,70759.62923577701
5088,-5.669716218651867
5089,5.74602212664146
5090,5309199503.416958
5091,2.2337009448219316
5092,5.5278220710405055
5093,85.14849238772993
5094,238.67649038109369
5095,5.017794706005708
5096,-0.00170714217958389
5097,0.01223689035793845
5098,-228.2800756227017
5099,466.9565660037954
5100,2.3229602516819274
5101,300.2778143534586
5102,0.24457246139502875
5103,12.953380843763114
5104,5309199503.416958
5105,0.29951614661379633
5106,167.7900752835692
5107,2161.6785642026
5108,46.50114789171781
5109,11495.983261211028
5110,-9.03903941186034
5111,10.597366753266005
5112,13.310174836636715
5113,-0.10613168576286128
5114,1.426086645088171
5115,2.06528219637226
5116,11.260217761205762
5117,1.4260866450881675
5118,0.10207257039182252
5119,4.230128306184932
5120,0.6017326291736772
5121,0.5698109851732969
5122,0.6017326291736772
5123,0.5698109851732969
5124,0.998667654379228
5125,0.9859943198668967
5126,-0.06611284104009238
5127,0.49923924020697497
5128,0.48561756992319993
5129,0.15939239432308985
5130,93.00229578343541
5131,2.6367994293682155
5132,5.976885397475659
5133,10.597366753265977
5134,11164.924991622287
5135,0.2597740570628582
5136,9.10739865138711
5137,2171.0922241531302
5138,2.4694289978884423
5139,5349.830387779758
5140,0.0011797672159110449
5141,0.0004995571943270639
5142,3.5249761690968624
5143,25494.431928136328
5144,0.5931365060982625
5145,0.7298978661364454
5146,0.5908546423795097
5147,0.7984243243410979
5148,1735.0056528109685
5149,0.0004061871049034814
5150,658.5410467355155
5151,0.11527061906800551
5152,59.27928390049148
5153,2216.656572728864
5154,166448.33362506563
5155,359951320.848941
5156,77.00529695267251
5157,0.0007256986114984508
5158,3011.1193768597936
5159,0.527064480458567
5160,0.7536861422053339
5161,1680.6856956643524
5162,0.0006010076874511032
5163,5.634337490784708
5164,0.09702455758975578
5165,166342.10619917925
5166,-9.327099466865022
5167,9.274079092932721
5168,5310508687.623179
5169,2.8210350546642027
5170,9.084998574356355
5171,54.71856555123898
5172,279.9353951545664
5173,6.786766441438786
5174,0.06612287417119096
5175,-0.03644416470680424
5176,-242.7690910234067
5177,522.7044861779731
5178,3.829347242254267
5179,300.3148345050061
5180,0.48761351654920987
5181,12.219726962253251
5182,5310508687.623179
5183,0.19202564934684396
5184,149.32172703201906
5185,2450.1288273121904
5186,49.503308861570716
5187,5576.669696292626
5188,22.71070564981156
5189,9.764790342947528
5190,11.559984592264588
5191,-0.07908739327513013
5192,1.8930313687439755
5193,2.505182299574661
5194,7.958945787526916
5195,1.893031368743973
5196,0.04232676671083339
5197,5.416107639546345
5198,0.4986936044595152
5199,0.4386545257195198
5200,0.4986936044595152
5201,0.4386545257195198
5202,0.9990101134858148
5203,0.9828677535594394
5204,-0.03552602212950358
5205,0.41983049403773864
5206,0.4207649758768457
5207,0.08208029302632322
5208,99.00661772314137
5209,3.215269333168387
5210,5.331193733803037
5211,9.764790342947535
5212,8399.44143690356
5213,0.17450004316888132
5214,7.176215712003825
5215,2459.116686495188
5216,1.8265495332625181
5217,4484.651755303823
5218,0.000771797522340921
5219,0.00043394702574986883
5220,3.7358218442222104
5221,34014.83377888396
5222,0.7046983721361127
5223,0.8174001196656684
5224,0.31919506408878406
5225,0.8644439805785274
5226,2126.9658136346175
5227,0.00037851054528158
5228,748.3980086801123
5229,0.0955320409344029
5230,33.122673327689455
5231,2501.071355629308
5232,68875.95659943834
5233,168603138.07505745
5234,28.159583541795417
5235,0.0005597444811248786
5236,3627.4707684452387
5237,0.46304196686816934
5238,0.7075577312039514
5239,1780.5119136535914
5240,0.00043868863179380977
5241,5.732624098296355
5242,0.13304575252199313
5243,68819.46316583533
5244,-11.852256668368497
5245,11.619541552643081
5246,5311375339.149427
5247,3.1319316987195536
5248,11.370799014447709
5249,49.05035275889749
5250,321.22650677043134
5251,8.374253083790897
5252,-0.010712662361401656
5253,-0.02743976044097365
5254,-235.73449779806316
5255,556.9610045684944
5256,4.8178902600354565
5257,300.33933853156884
5258,0.3336523591259736
5259,14.496404803813068
5260,5311375339.149427
5261,0.1539539664965436
5262,210.14575223601457
5263,2352.1488564548354
5264,48.4983036774631
5265,13499.634594494786
5266,36.39714703376359
5267,15.160747449845637
5268,14.907194644552067
5269,0.002924054643914535
5270,2.2061591317876497
5271,2.675663109706602
5272,9.768629053474566
5273,2.206159131787641
5274,0.029695474429586505
5275,5.929181471402028
5276,0.4717843934606405
5277,0.4059338612503273
5278,0.4717843934606405
5279,0.4059338612503273
5280,0.998897611664568
5281,0.9814778777595168
5282,-0.07129860620416478
5283,0.5459384728435555
5284,0.3863736378818302
5285,0.06274006518375592
5286,96.99660735492604
5287,3.538251028981863
5288,7.516985523599421
5289,15.16074744984565
5290,7154.032926619229
5291,0.14255952775203046
5292,9.688923536854515
5293,2361.961248119495
5294,1.6146103590139527
5295,3808.233666026063
5296,0.0007224966550357978
5297,0.0004605269735965222
5298,3.89842753036464
5299,37876.69246003281
5300,0.7530804709521424
5301,0.8522899776084114
5302,0.23111186518487814
5303,0.8903626759368398
5304,2103.9925854166477
5305,0.0004137623889686502
5306,811.14774447472
5307,0.08185969769651023
5308,37.42084848190793
5309,2398.288222827732
5310,35506.39358159249
5311,83400658.51589464
5312,15.131710200781614
5313,0.0005946744688114361
5314,4457.765970330003
5315,0.4498704178353016
5316,0.6975415133489237
5317,1684.500168479036
5318,0.00046241694231426216
5319,5.938995700644738
5320,0.16828572399035358
5321,35471.08295298499
5322,-20.192460798742033
5323,23.312936708725072
5324,5380832290.780405
5325,3.971069813867837
5326,21.144646739613677
5327,16.018037048686775
5328,333.0108741417748
5329,14.65744175828682
5330,1.5235308476374547
5331,1.4580285018782781
5332,-332.00402029476817
5333,665.014894436543
5334,8.929059974840099
5335,302.2967315887177
5336,-0.35816664614448757
5337,21.607273645581763
5338,5380832290.780405
5339,0.08418072746820396
5340,466.8742743950522
5341,4603.586726768706
5342,67.83487430928903
5343,17877.57188464029
5344,-39.38878216289695
5345,35.19132402667205
5346,27.125682466150977
5347,0.11777667306774853
5348,3.546527735387325
5349,3.3064453664204696
5350,13.811508832781362
5351,3.5465277353873144
5352,0.00915765427676065
5353,7.5648778512536925
5354,0.36114086920863747
5355,0.27571188598129215
5356,0.36114086920863747
5357,0.27571188598129215
5358,0.9985240477082866
5359,0.9748993259623292
5360,-0.05114788442935125
5361,0.46932294572049715
5362,0.28023746944471234
5363,0.02124996750602292
5364,135.66974861857796
5365,4.438071958907279
5366,15.579251623205767
5367,35.191324026672035
5368,4327.300787525932
5369,0.08100406050087448
5370,20.02723310718267
5371,4617.081774436538
5372,1.3404742676720194
5373,6186.709967114676
5374,0.0003144109273178653
5375,0.0002401512981736433
5376,4.491636416385083
5377,44669.84631701342
5378,0.8347340348532462
5379,0.9072721714615679
5380,0.12177254601204844
5381,0.9304731603041513
5382,4296.59837149902
5383,0.00022497722123895832
5384,873.6205480255824
5385,0.05125978689348016
5386,44.87919891194446
5387,4633.0
5388,1239.0399577539165
5389,5737061.233879012
5390,0.2678494936354129
5391,0.00028621416115703603
5392,7042.7927594907
5393,0.4132366813055624
5394,0.668270504824186
5395,3099.9567875374287
5396,0.00021303562770107784
5397,6.605159597213863
5398,0.2894432933663938
5399,1227.103567266989
5400,-9.398090882810333
5401,8.795225548746084
5402,5317877418.310668
5403,2.860617384870249
5404,8.703674017065055
5405,63.34549672242401
5406,311.2901556870453
5407,7.714111683346705
5408,-0.013973219734112302
5409,-0.12384966746796533
5410,-329.56366563050364
5411,640.8538213175489
5412,3.684988798063833
5413,300.5231170014915
5414,0.7379926808975288
5415,17.959053117627633
5416,5317877418.310668
5417,0.19734566076977242
5418,322.5275888817708
5419,4421.15879951194
5420,66.49148595613872
5421,44663.72192805604
5422,116.51197736616315
5423,24.079911622972347
5424,23.915661748999433
5425,-0.009261377458970058
5426,2.0002758252803496
5427,2.4458981337993198
5428,19.742708144972077
5429,2.0002758252803354
5430,0.04781700976417866
5431,5.376139940873775
5432,0.528790009205761
5433,0.4778294537410326
5434,0.528790009205761
5435,0.4778294537410326
5436,0.9987037048984237
5437,0.9856282902958425
5438,-0.08634781403671335
5439,0.5925673059036574
5440,0.43550012161038515
5441,0.09451892418244204
5442,132.98297191227718
5443,3.3345457556657334
5444,11.998893342992929
5445,24.079911622972375
5446,8472.294464381983
5447,0.17739526983248355
5448,15.731819250859465
5449,4438.419154175583
5450,1.8607912371376911
5451,8243.854047958612
5452,0.0004476662282960195
5453,0.0002527616765620595
5454,3.8188362372470315
5455,33332.59164735835
5456,0.6964978587724164
5457,0.8110719483295147
5458,0.33334745327893517
5459,0.8601092105126716
5460,3819.9910445245528
5461,0.00022107777173663068
5462,639.4147311689978
5463,0.0820498820953417
5464,82.81476414070879
5465,4529.6149108174
5466,73095.28679584242
5467,323156557.8062364
5468,16.540601411266724
5469,0.0003859246224896442
5470,3830.9273707173106
5471,0.4915857013624163
5472,0.7289116650002365
5473,3324.420947400038
5474,0.0003238520113395122
5475,6.054695733719317
5476,0.1323494446520159
5477,73038.19735973065
5478,-15.027441819204459
5479,18.899505523917334
5480,5378833158.179728
5481,3.705619216916045
5482,16.196409866673733
5483,38.283733825808255
5484,336.24713975997327
5485,12.937784707138007
5486,1.272244295673155
5487,1.5478304607205304
5488,-350.3267427422542
5489,686.5738825022274
5490,6.85767732299992
5491,302.24057044481486
5492,-0.9357488513469531
5493,24.17430950110753
5494,5378833158.179728
5495,0.10815896680503867
5496,584.3972398553378
5497,5150.209247531687
5498,71.7408482100839
5499,97516.3825742859
5500,-673.4231557800824
5501,47.47922605226965
5502,33.639937513975596
5503,0.15312540176535921
5504,2.9783552140003966
5505,3.0316159913975436
5506,24.377943970068273
5507,2.9783552140003895
5508,0.015117335523402492
5509,6.99454721720716
5510,0.4160176643970348
5511,0.33913890677568725
5512,0.4160176643970348
5513,0.33913890677568725
5514,0.9984323159641648
5515,0.9799739452373771
5516,-0.06937959366990526
5517,0.577695416726011
5518,0.3374323438629849
5519,0.034801429598888274
5520,143.48169642016754
5521,4.251141310424492
5522,20.279790891561287
5523,47.47922605226944
5524,5299.326754142805
5525,0.10239923530796174
5526,26.059055919375133
5527,5172.505017638149
5528,1.4715149114973411
5529,7609.964572556006
5530,0.0003132337678393171
5531,0.0002216785108788889
5532,4.365146856685484
5533,40988.993585848446
5534,0.7905254145743196
5535,0.8788907671927958
5536,0.17220539350555228
5537,0.909357033158276
5538,4703.803275123477
5539,0.00020407248795193048
5540,678.9331205107742
5541,0.05418460658505779
5542,85.26230833071659
5543,5167.984996009577
5544,12206.211173184358
5545,62850602.56049481
5546,2.371996507009507
5547,0.0003066643762653202
5548,5200.529768555467
5549,0.4150462704353924
5550,0.6698945062068762
5551,3456.116569384382
5552,0.00024124681662486804
5553,6.72547851254051
5554,0.21279847831255733
5555,12184.127924464128
5556,-17.302537557023516
5557,20.363602109151163
5558,5383313824.576712
5559,3.848626765348256
5560,18.17633679592289
5561,48.600145185285
5562,379.23803020842973
5563,14.365454388172752
5564,1.1138838182702726
5565,1.0616409961910462
5566,-499.9437273805694
5567,879.1817575889991
5568,7.67725769913723
5569,302.3664302009076
5570,-0.31377147327021604
5571,27.493400741224576
5572,5383313824.576712
5573,0.09717758448309574
5574,755.8870843175681
5575,10161.598030861605
5576,100.7194656451224
5577,450248.19974625413
5578,-310.9843637112985
5579,89.41371562398565
5580,20.664803740278078
5581,0.6225355105323891
5582,2.4427872148828564
5583,2.799992114651461
5584,14.60580985906712
5585,2.4427872148828436
5586,0.013694813555358816
5587,7.093667161721738
5588,0.4508558736238446
5589,0.3802042922648442
5590,0.4508558736238446
5591,0.3802042922648442
5592,0.9993559816285214
5593,0.9867062931968456
5594,-0.12179550684326634
5595,0.7620098728699347
5596,0.37503220206696075
5597,0.031250254133214916
5598,201.4389312902447
5599,4.60944444979755
5600,27.519629841065942
5601,89.41371562398545
5602,4869.0876072197925
5603,0.0926360098773063
5604,33.32088428752381
5605,10177.471651597974
5606,1.4058097999017523
5607,14298.12933652258
5608,0.00015940761367447192
5609,0.00011935708591595251
5610,4.445503934028282
5611,42729.32977428615
5612,0.8116650765985601
5613,0.8926470934045413
5614,0.14703838467806696
5615,0.9197058136725931
5616,9361.991493542318
5617,0.00011143194137394943
5618,774.6987869701513
5619,0.052793974851448225
5620,98.64103580187306
5621,10218.529371677798
5622,7155.301213029848
5623,72605084.494003
5624,0.7054352929907823
5625,0.0001725257732505223
5626,6112.392394711735
5627,0.41654575403514615
5628,0.6710627388448219
5629,6866.073045330405
5630,0.00013987171286472072
5631,6.73585666365516
5632,0.24921028497673312
5633,7139.199648518512
5634,514.2875161364037
5635,713.9112637755977
5636,49251517673.52647
5637,6.025607582273003
5638,105.4763857484736
5639,5.329330838589756
5640,1111.2452821104557
5641,62.943293122270504
5642,610.9915425505781
5643,607.438108001777
5644,-52.88480980353879
5645,1164.1300919139944
5646,43.6058010091394
5647,914.573329340768
5648,-0.11687437831761713
5649,80.86274879556898
5650,49251517673.52647
5651,0.01817815671976785
5652,6538.784142775292
5653,17786.021054725992
5654,132.6337108808995
5655,3309828.1765979165
5656,1652.9202386383179
5657,859.1735908470611
5658,81.93740075225871
5659,0.8254652714931036
5660,6.126962126915158
5661,4.083233578146848
5662,43.70995662549506
5663,6.126962126915072
5664,0.0008457795056732775
5665,10.810138933026339
5666,0.2653903686290004
5667,0.17526861167507712
5668,0.2653903686290004
5669,0.17526861167507712
5670,0.9985299851239768
5671,0.9751740257996737
5672,-0.1841374854591098
5673,0.9381271524592746
5674,0.1820588112246944
5675,0.0021953315395901243
5676,265.26742176179846
5677,6.888296593751258
5678,235.27774789982948
5679,859.1735908470607
5680,1011.7183969271117
5681,0.01807853064094025
5682,264.86490957027564
5683,18174.64863998825
5684,1.165438872915105
5685,21055.05848218282
5686,0.00013228895067721457
5687,0.00012235228019677526
5688,6.326669327983141
5689,50803.068132612745
5690,0.9076226328082981
5691,0.950409293162598
5692,0.057957195212761506
5693,0.9631557861140154
5694,17532.219559687703
5695,0.0001201411161549646
5696,513.166238387033
5697,0.01690604989085567
5698,312.5652247539129
5699,18674.82407590433
5700,10.773011794162219
5701,184680.08074718324
5702,0.0007705984317494169
5703,0.00017528954673280296
5704,14394.790406536205
5705,0.4742304278360745
5706,0.7162031223315424
5707,13551.411338468813
5708,0.00015870263478751957
5709,7.833384119845586
5710,0.5155055874460786
5711,7.010020216563047
5712,18.0
5713,58882.0
5714,58882.0
5715,29987.168772779634
5716,0.5092756491420066
5717,0.24408271709164472
5718,4.096971763980053
5719,107.09341716464182
5720,97.16480844420988
5721,83.93449827097318
5722,106.6770828247567
5723,81.53707528692213
5724,67.86135858919353
5725,36.31189133118534
5726,0.832276094652587
5727,0.4453420876749238
5728,182.2747920662496
5729,361.81541899824066
5730,19807862093.451523
5731,5.7314017986012376
5732,97.41034014395254
5733,2.624503814803845
5734,548.9960726081888
5735,55.28933518215837
5736,276.08757778463286
5737,281.5951388796915
5738,23.744238498640506
5739,525.2518341095483
5740,41.024445924786036
5741,579.9993747493306
5742,-0.2328544360842818
5743,67.24862401454139
5744,19807862093.451523
5745,0.021453163785895506
5746,4522.377431849153
5747,2965.590329647002
5748,52.96590666345088
5749,1211085.221398816
5750,-5752.244768927743
5751,665.5251117222207
5752,24.85280645835699
5753,0.9278467300799015
5754,3.5905316932525775
5755,3.3874257397305056
5756,11.668729174036397
5757,3.5905316932525695
5758,0.0016618818939502103
5759,9.82014505238484
5760,0.360505904509441
5761,0.2756315454574771
5762,0.360505904509441
5763,0.2756315454574771
5764,0.9978147373991952
5765,0.9681498885899893
5766,-0.2743048208541849
5767,0.9755782857031123
5768,0.2710102923318751
5769,0.005794926841862568
5770,105.93181332690159
5771,6.689053839929734
5772,172.59447954514445
5773,665.5251117222208
5774,1140.1879282382852
5775,0.021338718885294997
5776,179.4431606459472
5777,2827.8251632672254
5778,1.365639284233115
5779,3974.5766551521806
5780,0.0007984990864315615
5781,0.0006244250985331117
5782,6.2005435632883765
5783,45306.32178217079
5784,0.8472077053546172
5785,0.9074629049494051
5786,0.14860459628158404
5787,0.935988340117893
5788,2628.224528910243
5789,0.0005932607081179043
5790,429.4442849820605
5791,0.022011495898619195
5792,169.66252086682408
5793,2500.899077396207
5794,313.0620194771912
5795,1091709.7103536648
5796,0.1156203379705449
5797,0.0008096685107715318
5798,7865.712045105074
5799,0.4031630981601781
5800,0.6594738116967603
5801,1613.9971508196702
5802,0.0005598356625248767
5803,7.716646995844411
5804,0.3313406473964879
5805,303.9534417839844
5806,-25.971160316467284
5807,9.047730636596679
5808,5035687043.634808
5809,3.6011486004933553
5810,17.50916162133217
5811,4.959594094271752
5812,98.63456726074219
5813,11.324483179614495
5814,-7.948631202355207
5815,-7.602538108825684
5816,-87.20968627929688
5817,185.84425354003906
5818,7.37256604975469
5819,292.4408849675748
5820,-0.06900001073484963
5821,15.088710483019591
5822,5035687043.634808
5823,0.10335948355979242
5824,227.66918404038532
5825,285.3136395024096
5826,16.709939536606278
5827,4198.42652762672
5828,-25.60387000608594
5829,29.127164155923523
5830,4.761859787207706
5831,0.7183300696359102
5832,1.5142464667402113
5833,2.314055707537924
5834,2.4277245291073717
5835,1.5142464667402105
5836,0.01945109666481441
5837,6.4689636553958385
5838,0.5408306234671455
5839,0.49000371948831617
5840,0.5408306234671455
5841,0.49000371948831617
5842,0.9967704394301977
5843,0.9630946201552343
5844,-0.17389946586140304
5845,0.8310620206524476
5846,0.4351438191194084
5847,0.04460751374215885
5848,33.41987907321257
5849,4.430104671619675
5850,8.472255985782803
5851,29.12716415592351
5852,4595.434230830081
5853,0.09772781170067348
5854,10.090496254821781
5855,296.62415970586477
5856,2.033590698655746
5857,596.9966889688999
5858,0.007983719162842977
5859,0.00411216791216617
5860,4.554391567500505
5861,32650.404555714027
5862,0.6919263294696463
5863,0.7980354450752883
5864,0.44460737771842673
5865,0.8571074417772885
5866,255.4062428684513
5867,0.0035607642074915596
5868,416.1584050039093
5869,0.06507559108739785
5870,21.11304309988879
5871,331.10977326035965
5872,25791.488975762313
5873,7527808.217200939
5874,90.08652711285099
5875,0.004961887517905044
5876,1924.4526974198593
5877,0.3009308361876246
5878,0.5658294387348013
5879,192.68224487553428
5880,0.002946785339239624
5881,6.776004749846529
5882,0.10860704459766991
5883,25706.710811527522
5884,-59.502133178710935
5885,10.395565700531007
5886,4507115162.346717
5887,4.524062352814179
5888,38.21737575531006
5889,3.340977349447842
5890,114.7750244140625
5891,22.27362660224187
5892,-24.748403413271536
5893,-24.579230308532715
5894,-158.0712890625
5895,272.8463134765625
5896,15.667155073904791
5897,276.6674396400309
5898,-0.10723413705123908
5899,27.95408258961546
5900,4507115162.346717
5901,0.05092821872825471
5902,781.4307334270422
5903,756.6158720724156
5904,27.01649517491926
5905,42441.84232895295
5906,-109.27762466984076
5907,112.58638332858018
5908,5.710961802239509
5909,0.9033262023332511
5910,1.8114141093803586
5911,2.439978901202407
5912,2.334373957488532
5913,1.8114141093803569
5914,0.006816280640950398
5915,7.674898147932639
5916,0.4800318100447791
5917,0.41244347751617305
5918,0.4800318100447791
5919,0.41244347751617305
5920,0.9981264362109223
5921,0.9688201558854173
5922,-0.28785183389690344
5923,0.9574384643312877
5924,0.39807338512884655
5925,0.013413861454660628
5926,54.03299034983848
5927,5.446003275956559
5928,29.57433628270493
5929,112.58638332858024
5930,2556.6542075215234
5931,0.05098940211148319
5932,31.58901015338434
5933,798.4096340957353
5934,1.7206099552986036
5935,1336.055820209867
5936,0.0027727083619021103
5937,0.0016080759040918266
5938,5.20102186145461
5939,39280.18253345958
5940,0.7818881786077849
5941,0.8515165925070494
5942,0.33323165175739705
5943,0.9039977174842654
5944,727.3799248398852
5945,0.0014460450958073182
5946,323.4495995581331
5947,0.044663021203829485
5948,44.40065643129198
5949,901.0661419497377
5950,4643.371996685998
5951,3246291.3188345763
5952,6.997862978648934
5953,0.0017594316213592584
5954,1939.7500690417012
5955,0.26784728929048623
5956,0.5316904489009715
5957,484.6883000326456
5958,0.0009738471595845958
5959,7.496034057222362
5960,0.12299174620427296
5961,4577.264902921
5962,-67.7251220703125
5963,2.7297742843627955
5964,4267939738.397162
5965,4.535549147486304
5966,38.611244440078735
5967,3.346260446892634
5968,97.00547790527344
5969,22.477843167406725
5970,-32.25488694153187
5971,-32.502933502197266
5972,-173.2897186279297
5973,270.2951965332031
5974,15.853488944057633
5975,269.22653569585987
5976,-0.07704401466977975
5977,28.20428967554779
5978,4267939738.397162
5979,0.05054624421099959
5980,795.4819561022117
5981,848.1760061494597
5982,28.62767586728353
5983,45543.79786762496
5984,-35.854697313595224
5985,117.63006493216088
5986,3.1201888348694
5987,0.9482247394026655
5988,1.3354383882793153
5989,2.054431841803007
5990,1.279914783509974
5991,1.3354383882793148
5992,0.009064163343524815
5993,7.264618407449156
5994,0.5449316553278123
5995,0.49397897381837225
5996,0.5449316553278123
5997,0.49397897381837225
5998,0.9989726716457261
5999,0.9766968026260145
6000,-0.38454070685987995
6001,0.9825289354054825
6002,0.4584365494537018
6003,0.019686213086645966
6004,57.25535173456704
6005,5.476170692044425
6006,30.187563441757572
6007,117.63006493216093
6008,2384.75764559552
6009,0.05030400454807223
6010,32.58661527136603
6011,887.3531999690161
6012,2.114062345506553
6013,1811.4519244455707
6014,0.002985136642326743
6015,0.0014217154575277963
6016,5.376327241305116
6017,34930.004802457006
6018,0.733326157334874
6019,0.8047215682995733
6020,0.5457922273391934
6021,0.8778129175540342
6022,786.0719245313953
6023,0.001244732260050905
6024,146.37094017094017
6025,0.04170112255582341
6026,55.22917534567242
6027,1018.4737891737892
6028,20905.56923076923
6029,16852249.92792023
6030,27.441453978162777
6031,0.0020273248625141036
6032,723.7105413105413
6033,0.20618533940471262
6034,0.45906919214299324
6035,471.7107192318162
6036,0.0011725789143837604
6037,7.891443110471244
6038,0.05961074691756394
6039,20624.151878312678
6040,-1.1155490168782802
6041,1.0975678576319288
6042,5301946791.240627
6043,1.3497669993182089
6044,1.0822256620813362
6045,146.03230857872344
6046,172.4028729712145
6047,1.5379114241974494
6048,0.006010833344225265
6049,0.0032858575724355674
6050,-134.8019640167743
6051,307.20483698798876
6052,0.4542673807863967
6053,300.07264473877467
6054,1.2399309107692384
6055,6.323415563302147
6056,5301946791.240627
6057,0.4640744541588648
6058,39.985584386211805
6059,756.2366866259644
6060,27.502943252389034
6061,1269.2575878250382
6062,2.8685718415949264
6063,2.962584412400644
6064,3.663407031670026
6065,-0.09915218100883681
6066,0.7564554708744141
6067,1.2878134659605682
6068,3.071154113280964
6069,0.7564554708744136
6070,0.23972959944597852
6071,2.484319592725677
6072,0.7160619538237127
6073,0.7120645019762523
6074,0.7160619538237127
6075,0.7120645019762523
6076,0.999142002400393
6077,0.9885583210257327
6078,-0.12069016875824194
6079,0.520241438272018
6080,0.5135099487533256
6081,0.28972211679125126
6082,55.00588650477802
6083,1.763619437201273
6084,1.6564978610176666
6085,2.9625844124006453
6086,15667.769597360571
6087,0.4424876171125686
6088,2.8470222806507115
6089,759.3756530159917
6090,4.054567316507269
6091,3070.716383846072
6092,0.005430019535771806
6093,0.0013870171669245965
6094,3.103528072358019
6095,15491.030347989978
6096,0.43362887013020246
6097,0.6007281838775339
6098,1.210401524967169
6099,0.6772268784514857
6100,515.1660872141497
6101,0.0009596313850382029
6102,74.13406029506093
6103,0.047552315776177634
6104,51.39429108888322
6105,820.7716484926235
6106,1018793.2379730596
6107,770841461.2982681
6108,1348.285586988504
6109,0.002681395990816944
6110,887.5837075048108
6111,0.5693288694706933
6112,0.7825339734635736
6113,656.4413620674118
6114,0.002355671671386378
6115,6.027446480811944
6116,0.026476682177915153
6117,1017366.7343616348
6118,-5.3487010447779735
6119,5.5218883575544115
6120,5304932961.785603
6121,2.0998014061742984
6122,5.163912596122941
6123,62.62785003420563
6124,129.7731222408271
6125,3.9200217037553995
6126,0.07406759966007845
6127,0.011348191322132765
6128,-165.51495441882406
6129,295.28807665965115
6130,2.1887832466597565
6131,300.15713652949404
6132,0.1553633690213272
6133,7.061201298641173
6134,5304932961.785603
6135,0.31201866340747386
6136,49.86056377993179
6137,1191.6491520235872
6138,34.52148387720757
6139,736.8312321440218
6140,4.580274751649088
6141,3.488070781205605
6142,3.823619283503956
6143,-0.041773316018921265
6144,1.0616456594476704
6145,1.8787263464387953
6146,2.6891215345366413
6147,1.06164565944767
6148,0.11250383443262307
6149,3.992946926909897
6150,0.6308734755264791
6151,0.6036622634385311
6152,0.6308734755264791
6153,0.6036622634385311
6154,0.9990024465861349
6155,0.9832127402654518
6156,-0.04322984889021464
6157,0.40173087620721604
6158,0.48665013150919545
6159,0.16935690521984856
6160,69.04296775441505
6161,2.539458999672153
6162,1.827922516177392
6163,3.4880707812056038
6164,10915.559399611198
6165,0.26980017218420826
6166,2.8618680004250834
6167,1194.3822695492693
6168,3.384265408587355
6169,4033.8813169434748
6170,0.0028777553759422227
6171,0.0008724808491680016
6172,3.5630509606592278
6173,22314.005763624635
6174,0.5424196222429447
6175,0.6849605338447433
6176,1.0228013717095759
6177,0.7594235266027523
6178,907.7855647656463
6179,0.0006701113393632203
6180,467.7480190174326
6181,0.12354675621168322
6182,19.360754959816646
6183,1217.917591125198
6184,264722.27733755944
6185,315044938.13919705
6186,222.62584807559594
6187,0.0011542830971722482
6188,1269.4664553618595
6189,0.3353054557215688
6190,0.5997893279107348
6191,739.8276077093931
6192,0.000809908902920749
6193,6.012761816062312
6194,0.06429808770082537
6195,264480.3951505937
6196,-2.0132462389534926
6197,2.116732673690717
6198,5304673922.965607
6199,1.471805993984638
6200,1.619388238128641
6201,158.22202546509075
6202,169.06346212931612
6203,1.9806038782878088
6204,0.08463530615548465
6205,0.028078545273620054
6206,-172.12761371140925
6207,341.1910758407254
6208,0.7187984517738615
6209,300.1498081334331
6210,-0.19103403265464378
6211,6.254516424822911
6212,5304673922.965607
6213,0.4416640224414323
6214,39.118975708379566
6215,1261.8075631473232
6216,35.5219846448229
6217,1443.150149211425
6218,0.5144665756851095
6219,3.0540882474414595
6220,3.0694286460230784
6221,-0.006853475251719629
6222,0.6790610814018367
6223,1.306560788409144
6224,2.5833327934129557
6225,0.6790610814018373
6226,0.2233753801749743
6227,2.700297529362638
6228,0.7397576013784555
6229,0.7344227280579432
6230,0.7397576013784555
6231,0.7344227280579432
6232,0.9994134561287569
6233,0.9906806232905557
6234,-0.11181967477025385
6235,0.49667617366934763
6236,0.4602657655483656
6237,0.27131088652186236
6238,71.04396928964573
6239,1.9655989006958556
6240,1.5308792233661366
6241,3.054088247441462
6242,13986.768712784005
6243,0.407004874009622
6244,2.801758834226325
6245,1264.4651946623744
6246,4.561818680468462
6247,5761.946560119459
6248,0.0036634431651266413
6249,0.0008400503102636669
6250,3.3282733031419904
6251,14688.054347544568
6252,0.4219067304841554
6253,0.5825915194143179
6254,1.452751329411411
6255,0.6657934999887624
6256,842.8576519049954
6257,0.0005748380156585496
6258,200.0873786407767
6259,0.09712979545668772
6260,35.68900084833633
6261,1314.7582524271845
6262,729054.2194174757
6263,919895514.6223301
6264,578.2637593089726
6265,0.0015393451467457695
6266,898.3650485436893
6267,0.4360995381280045
6268,0.6864532460252537
6269,910.3636090541887
6270,0.001286256255166144
6271,5.844239399648205
6272,0.03498522468666146
6273,728237.2032227354
6274,-22.20271132213417
6275,15.174906205347853
6276,5206597031.869502
6277,3.7354696459953582
6278,17.30728207193645
6279,8.488924413812216
6280,179.1310263757911
6281,12.274647305591694
6282,-3.159088318653996
6283,-3.0971886695389967
6284,-149.2935158367775
6285,328.42454221256855
6286,7.3776911971123695
6287,297.3621627434887
6288,0.32178087251174375
6289,17.599118832270634
6290,5206597031.869502
6291,0.10038609601404731
6292,309.72898367238287
6293,888.8686803959147
6294,29.74146181961444
6295,6625.877328664545
6296,25.259781920208276
6297,30.484510677412885
6298,13.229621871240973
6299,0.38758294667648074
6300,2.3849976502510657
6301,2.8180071009959677
6302,7.17147881328146
6303,2.384997650251062
6304,0.015260558772791021
6305,6.977476066199445
6306,0.4540438406860584
6307,0.3854516602717786
6308,0.4540438406860584
6309,0.3854516602717786
6310,0.9970607772541025
6311,0.9665221790260783
6312,-0.08964319401740212
6313,0.5924745900347106
6314,0.36810699302525746
6315,0.04027804285154658
6316,59.48292363922882
6317,4.39732261197172
6318,10.928533137163466
6319,30.48451067741288
6320,4672.390289600762
6321,0.09431172944265545
6322,13.789151062999197
6323,906.57678617057
6324,1.7580489522640517
6325,1584.5106300840926
6326,0.0020841745072319954
6327,0.0012142801229814
6328,4.538313677988324
6329,37102.37041612838
6330,0.7427387274465669
6331,0.8405481105627168
6332,0.3062828219190962
6333,0.8831380899504905
6334,802.0178594551027
6335,0.0010796261175812752
6336,481.6974347966084
6337,0.0517009160455735
6338,34.91252459248755
6339,949.1294408071268
6340,14007.987978963185
6341,12585900.822582377
6342,15.653524880786959
6343,0.0014306955459427383
6344,3122.442524417731
6345,0.3351338976513611
6346,0.5999146238654863
6347,577.537082904129
6348,0.0009418768522837226
6349,6.9536909267637
6350,0.15823171767263342
6351,13968.04753252951
6352,-1.8395249057306542
6353,2.155413444683153
6354,5309633112.056913
6355,1.5230361770038043
6356,1.6112931865734554
6357,99.04315196849237
6358,147.1489106005049
6359,2.3601609485427524
6360,0.1751964818886526
6361,0.05159709294654042
6362,-180.25567660194275
6363,327.40458720244766
6364,0.7083265410299253
6365,300.29007612627913
6366,-1.3351706218761021
6367,8.305494385410306
6368,5309633112.056913
6369,0.440131860854498
6370,68.98123698608211
6371,1409.072701160574
6372,37.5380538614595
6373,3370.1112099146467
6374,-17.84521075104307
6375,5.466816676847982
6376,5.598059732147871
6377,-0.021264121553179353
6378,0.7806362555765702
6379,1.3623632854270535
6380,4.956044262562017
6381,0.7806362555765698
6382,0.2247562065948325
6383,2.764283026498182
6384,0.742687960138927
6385,0.7374976940403339
6386,0.742687960138927
6387,0.7374976940403339
6388,0.9988936823722765
6389,0.9893120640958782
6390,-0.13604324549952396
6391,0.5547530275563559
6392,0.44520496697857403
6393,0.27335405037716065
6394,75.07610772291886
6395,2.0289193480369954
6396,2.7662191022489653
6397,5.466816676847987
6398,13676.333612477534
6399,0.40224320757461185
6400,4.9186336770721955
6401,1414.3807118707225
6402,4.671062260800602
6403,6590.271326990131
6404,0.0033620211769990363
6405,0.0007559439600812024
6406,3.4380317375681404
6407,14342.809241419629
6408,0.41696597257409074
6409,0.5762973143157242
6410,1.5145261095745741
6411,0.6625070882640579
6412,938.9183443188421
6413,0.0005161004343678423
6414,148.44711951848666
6415,0.0638207736536916
6416,58.26768689804364
6417,1487.0816852966466
6418,644948.4118658642
6419,908600481.8460877
6420,458.1264820124358
6421,0.0013448105113554453
6422,1187.3224419604471
6423,0.5104567678247838
6424,0.7425372767241208
6425,1108.9138943003013
6426,0.0011538680953552334
6427,6.126600042122011
6428,0.03950273428212357
6429,644307.5776599937
6430,-21.37099602793307
6431,11.67570679493162
6432,5184086892.769755
6433,3.579687694789409
6434,14.296118346280528
6435,18.220621965092022
6436,240.44510853175274
6437,11.18232233787542
6438,-3.805591078943643
6439,-3.0642431398918495
6440,-189.087291378883
6441,429.5323999106357
6442,6.217203639692121
6443,296.71866046037826
6444,0.4171009877068797
6445,17.630530034780023
6446,5184086892.769755
6447,0.11854357775809453
6448,310.8355893072805
6449,1420.1340395473778
6450,37.62899164945766
6451,12996.947006821487
6452,-33.610788967304224
6453,30.02509678833554
6454,13.253262267466713
6455,0.37565059915229027
6456,2.0430338212312353
6457,2.6211549226867215
6458,8.867273896662526
6459,2.043033821231229
6460,0.022563764500017413
6461,6.578126998050761
6462,0.4992374366323207
6463,0.44103557650301606
6464,0.4992374366323207
6465,0.44103557650301606
6466,0.9983776970749383
6467,0.9779860294284253
6468,-0.11791978847549262
6469,0.6966640916376814
6470,0.4064228871425658
6471,0.06279323700429335
6472,75.25798329891519
6473,4.270778886018045
6474,10.819589763950562
6475,30.025096788335503
6476,5137.108496298675
6477,0.10758444729389256
6478,14.510283272516434
6479,1437.567531077396
6480,1.9616766298158148
6481,2816.521895037831
6482,0.001436681242353999
6483,0.0007582964119217354
6484,4.53070241631961
6485,33696.856033322954
6486,0.7008763554321568
6487,0.8095304037017983
6488,0.39757441611293054
6489,0.8609480024399717
6490,1238.5900931865722
6491,0.0006596895151211753
6492,410.0737715219304
6493,0.051536228669339
6494,48.66559981213589
6495,1488.9715973356792
6496,25716.81186376775
6497,37194999.028402664
6498,17.81193927561984
6499,0.0009641138432456635
6500,2714.6478572326255
6501,0.3411647426457993
6502,0.6059374621826017
6503,916.0870719911521
6504,0.0006715729073298219
6505,7.050099767267314
6506,0.13513467613192487
6507,25662.051491767626
6508,-13.568823674445538
6509,6.742952224617391
6510,5243621322.818772
6511,2.8726586474236764
6512,6.256949851397252
6513,52.37853754182195
6514,335.8812299573314
6515,7.41246110260922
6516,-1.9656317971627402
6517,-0.9349611200704957
6518,-187.23796799300956
6519,523.119197950341
6520,3.045424957759399
6521,298.41756610899984
6522,2.018070848070175
6523,15.11817225576248
6524,5243621322.818772
6525,0.225262384628014
6526,228.55913235490635
6527,1452.8422827303905
6528,38.03384452472608
6529,43103.500020118656
6530,299.50522488511587
6531,29.482134428504242
6532,4.406460014684494
6533,0.7380232279192555
6534,0.831648874150287
6535,1.706971951742166
6536,3.7025486497346884
6537,0.8316488741502853
6538,0.11310743731404134
6539,4.707457432350243
6540,0.7368136258553348
6541,0.7192676383375838
6542,0.7368136258553348
6543,0.7192676383375838
6544,0.9996226345274064
6545,0.9924961762765627
6546,-0.3230397649574487
6547,0.9110995081070012
6548,0.352033914394574
6549,0.2681194253653176
6550,76.06768904945197
6551,3.647443065605603
6552,8.472148610797186
6553,29.482134428504228
6554,7076.391341291088
6555,0.1711689920919087
6556,12.945311334268998
6557,1459.7759714305341
6558,3.57619512676258
6559,5226.543849043489
6560,0.0025220115068458563
6561,0.0007545582040207131
6562,4.375411607620595
6563,24977.252486761266
6564,0.5941155441349996
6565,0.6944749995427627
6566,1.309432612454291
6567,0.7935357258380743
6568,1157.9811198618816
6569,0.0006124103102116111
6570,341.3169164882227
6571,0.056220872424348985
6572,58.54062940104171
6573,1494.00312963268
6574,106978.77680777467
6575,156921204.19453138
6576,72.97369632221329
6577,0.0010693725642882473
6578,1912.0762642068853
6579,0.31495244015926294
6580,0.5811487821378848
6581,894.9564150662599
6582,0.000754931478040534
6583,7.108712510757127
6584,0.10310451411297171
6585,106884.7082165386
6586,514.7605260839805
6587,1020.8420463143043
6588,70729300355.13104
6589,7.258595452587029
6590,279.25476451929217
6591,2.9150520198680763
6592,1547.767755748012
6593,156.5200857027735
6594,779.1421662100965
6595,794.1395281833297
6596,-65.59069598690076
6597,1613.3584517349127
6598,114.7453016339422
6599,1095.994575329974
6600,-0.31290490643489255
6601,191.45833557228605
6602,70729300355.13104
6603,0.007353298171910929
6604,36656.294260110095
6605,31541.76524638282
6606,173.90693118095732
6607,84804980.69090554
6608,-153301.5466188228
6609,5377.448640227079
6610,186.05676534766837
6611,0.9329497051970829
6612,9.849199041308829
6613,4.761733612389935
6614,86.75083067365011
6615,9.849199041308474
6616,0.0002144574358727037
6617,12.681171575191874
6618,0.2019015858985426
6619,0.1208381879583437
6620,0.2019015858985426
6621,0.1208381879583437
6622,0.9982439870964506
6623,0.971237904459759
6624,-0.24238534316987587
6625,0.9833564591357018
6626,0.12575297449341066
6627,0.0008194003413028954
6628,347.8138623619149
6629,8.189329602906554
6630,1390.876351393687
6631,5377.448640227084
6632,418.06749299250504
6633,0.007353142515337857
6634,1462.8462187360685
6635,30386.291947324986
6636,1.1155398044991485
6637,34206.71144671393
6638,7.4613776701769e-05
6639,7.011977355376659e-05
6640,7.469902484289965
6641,53301.405249429095
6642,0.9373502885905378
6643,0.9655908949581072
6644,0.04269525897450104
6645,0.9753377324596559
6646,29571.581340842862
6647,6.91592623522344e-05
6648,284.51507057375545
6649,0.007450574032360632
6650,1436.0240477043637
6651,29137.1009767722
6652,5.656060963155
6653,174716.20347238588
6654,0.00028443416846776407
6655,8.541924203201055e-05
6656,22475.728310681647
6657,0.5885701498070455
6658,0.795307654016158
6659,22655.758209729513
6660,7.707164147370455e-05
6661,8.498671197866969
6662,0.6485343568492918
6663,3.278487069497211
6664,18.0
6665,58882.0
6666,58882.0
6667,29987.168772779634
6668,0.5092756491420066
6669,0.24408271709164472
6670,4.096971763980053
6671,107.09341716464182
6672,97.16480844420988
6673,83.93449827097318
6674,106.6770828247567
6675,81.53707528692213
6676,67.86135858919353
6677,36.31189133118534
6678,0.832276094652587
6679,0.4453420876749238
6680,269.62115596266176
6681,552.9475684724753
6682,31864474361.668686
6683,6.304748747260873
6684,165.2737406307245
6685,2.2199766922454383
6686,746.2588186744833
6687,88.91728730808437
6688,428.054018729152
6689,446.70016378129515
6690,21.710545016574983
6691,724.5482736579083
6692,67.9166963915385
6693,735.6345240296577
6694,-0.4000049115917854
6695,105.33517340695194
6696,31864474361.668686
6697,0.01416095777041634
6698,11095.498756672634
6699,7476.269646643992
6700,84.31348725290327
6701,5966267.73011597
6702,-33282.27929535739
6703,1572.3080438793713
6704,102.63151641037246
6705,0.8772911017135716
6706,7.261185440658069
6707,4.340112030947661
6708,49.03322583064016
6709,7.2611854406580045
6710,0.0005912127077217612
6711,11.335675011576411
6712,0.2395185197700686
6713,0.1520941027536943
6714,0.2395185197700686
6715,0.1520941027536943
6716,0.9953176333522821
6717,0.9544852143661025
6718,-0.18604233015743932
6719,0.9467355082552424
6720,0.15652730432368983
6721,0.0023081242281618895
6722,168.62697450580623
6723,7.213752349767652
6724,418.7348900724362
6725,1572.3080438793731
6726,787.901540828425
6727,0.014023027765287825
6728,443.0456152139756
6729,7129.172205744276
6730,1.1556185890107518
6731,8436.72342308284
6732,0.00024078960873352836
6733,0.00021576341664829575
6734,6.57929299737296
6735,51490.837240442015
6736,0.9162545506711234
6737,0.9541886902880088
6738,0.0567196581436752
6739,0.9666792243330942
6740,6852.373340694716
6741,0.00021032253476030828
6742,436.35411524514734
6743,0.013296587599267067
6744,424.7866818625779
6745,6484.984794466282
6746,13.22991132644666
6747,121290.96297650608
6748,0.0019378736042586528
6749,0.00024867420644266456
6750,17261.510528079958
6751,0.5259929465850004
6752,0.7535031017299939
6753,4706.515772549488
6754,0.00020204887273685745
6755,7.8354030421638985
6756,0.5573350090010529
6757,10.010567575091304
6758,-56.228756713867185
6759,15.342360305786135
6760,4725395911.316332
6761,4.588415938103551
6762,36.376126766204834
6763,4.271995567004567
6764,111.81629180908203
6765,22.925588194172626
6766,-18.301043606268493
6767,-15.596380233764648
6768,-183.73858642578125
6769,295.5548782348633
6770,15.21471333635195
6771,283.28776896310546
6772,-0.4942993102678072
6773,29.960941420061836
6774,4725395911.316332
6775,0.051457625245026666
6776,897.658010776377
6777,1160.9838636915633
6778,33.743188707008905
6779,52530.745142190644
6780,-663.0701795535083
6781,111.48567765750774
6782,21.966065933114386
6783,0.6697228741719854
6784,3.3384077721407817
6785,3.284095169297553
6786,10.629440253051063
6787,3.338407772140772
6788,0.004537487386252866
6789,8.52973849262323
6790,0.3700963435982717
6791,0.2854413406829015
6792,0.3700963435982717
6793,0.2854413406829015
6794,0.9941180885810118
6795,0.9496162854572225
6796,-0.11776202028275305
6797,0.7964322299311549
6798,0.2887447842404428
6799,0.011225831662973026
6800,67.48637741401772
6801,5.39857008294523
6802,33.362935897655525
6803,111.4856776575077
6804,2670.882328046857
6805,0.0502258575666454
6806,37.395174690731274
6807,1179.4190264737542
6808,1.370881097361247
6809,1624.7431923583765
6810,0.001422553591056383
6811,0.0010819501595217486
6812,5.11447008244223
6813,44301.17821238614
6814,0.8321334806750922
6815,0.9029702168352358
6816,0.14049181176201614
6817,0.929343003065579
6818,1095.1995582546626
6819,0.0010159745888206305
6820,655.052895998152
6821,0.037827158052673795
6822,58.74399618026569
6823,1188.5493445746954
6824,774.3106773690594
6825,1020551.0800369579
6826,0.5946628105758753
6827,0.0013218454953697902
6828,6763.862851533176
6829,0.39059091364169174
6830,0.6494679653180265
6831,785.4790161249837
6832,0.0009290402509299568
6833,7.085318380262556
6834,0.2940966679120954
6835,762.7490280638305
6836,-114.38285751342774
6837,1.707394933700567
6838,3637970932.9266477
6839,5.233901712398049
6840,60.03788709640503
6841,3.2633130787082587
6842,110.70271301269531
6843,36.18365107748444
6844,-55.677976231461884
6845,-54.870391845703125
6846,-297.98541259765625
6847,408.68812561035156
6848,25.061535029734678
6849,248.5640611026381
6850,-0.18752683324546485
6851,45.725716762910366
6852,3637970932.9266477
6853,0.031310217611765646
6854,2090.841173481902
6855,2433.888792881373
6856,48.58856806358986
6857,316079.46867898625
6858,-863.0919209614855
6859,308.3387230473825
6860,16.21993919720208
6861,0.9001156324796133
6862,3.0671077393929345
6863,3.1230263810230614
6864,6.529808763422087
6865,3.0671077393929314
6866,0.0025185723468068404
6867,9.154816346909985
6868,0.3730892650030359
6869,0.2865201598267436
6870,0.3730892650030359
6871,0.2865201598267436
6872,0.9976663896814033
6873,0.9652190091627576
6874,-0.24338419251997945
6875,0.9551466720540431
6876,0.29001578747313284
6877,0.006083475854213174
6878,97.17713612717975
6879,6.17270594190422
6880,81.13966556114605
6881,308.338723047382
6882,1663.012977408148
6883,0.031131322652718237
6884,84.66965937016809
6885,2533.1784157183856
6886,1.3865475344450182
6887,3465.843598671851
6888,0.000685252917648939
6889,0.0005004943939842535
6890,5.707533848137552
6891,45590.55138824717
6892,0.8527757384725768
6893,0.9071389192988337
6894,0.1683127853748195
6895,0.9382793134320029
6896,2386.1078303098193
6897,0.00046992631551239953
6898,510.0916888837371
6899,0.029563677343441352
6900,96.39612163015515
6901,2706.66796105251
6902,262.45369189753103
6903,661690.515011012
6904,0.11065689796256929
6905,0.0005376894370176284
6906,6138.445693752174
6907,0.35576942701704956
6908,0.6177085900974144
6909,1711.345131342807
6910,0.00034743040342552294
6911,7.524951462857968
6912,0.29302673142895963
6913,250.8074577203622
6914,-131.02639465332032
6915,-15.664933300018301
6916,3154109942.9650993
6917,5.220313603977387
6918,62.94089984893799
6919,3.0233664481295643
6920,92.01214599609375
6921,36.43997028933529
6922,-73.02795384521986
6923,-71.5497932434082
6924,-262.8266296386719
6925,354.8387756347656
6926,25.903148266869874
6927,231.4446452315179
6928,-0.11475189592822543
6929,45.2803938880344
6930,3154109942.9650993
6931,0.031069507962378423
6932,2050.314070655543
6933,1518.4432506557969
6934,38.009942569231384
6935,282695.16911798343
6936,-362.16885221344626
6937,303.10494718683196
6938,8.44038016033688
6939,0.9457179642074961
6940,2.262707254845786
6941,2.6798213489853895
6942,3.149610590617163
6943,2.262707254845788
6944,0.0033245580995881147
6945,8.667752685703743
6946,0.42682240806901095
6947,0.34657250056300964
6948,0.42682240806901095
6949,0.34657250056300964
6950,0.9983803905564083
6951,0.970101233529701
6952,-0.32773838509146924
6953,0.9809679481771882
6954,0.34421648664598287
6955,0.007362102686200224
6956,76.01988513846274
6957,6.1617483632585035
6958,77.88633183679221
6959,303.10494718683196
6960,1608.2633949017477
6961,0.030966422646003373
6962,82.84247944712014
6963,1613.283941788615
6964,1.5577340056610463
6965,2427.973110686548
6966,0.0014060719870020084
6967,0.000910844948493801
6968,5.775280343026685
6969,43055.9252790314
6970,0.8276909474074663
6971,0.8819307454544048
6972,0.2648177890362489
6973,0.9259341806049226
6974,1505.7186425096288
6975,0.000840043737129866
6976,344.9846811542572
6977,0.030725390198989778
6978,91.72049293513693
6979,1842.1009975062343
6980,807.8585678660492
6981,1015039.2967581047
6982,0.7081049467301994
6983,0.0009442431734820717
6984,2950.7727110794444
6985,0.2628048371107449
6986,0.5231502945388989
6987,982.1372678055432
6988,0.0004602295767609814
6989,7.940252634196257
6990,0.19068645766108488
6991,780.3568198885451
6992,-3.8937067299581947
6993,3.924831929721116
6994,5308721139.384644
6995,1.9325505128839042
6996,3.090939356059259
6997,92.69464343255959
6998,286.5199348367079
6999,3.9828977163356742
7000,0.0013012863763503784
7001,0.0024667442563067604
7002,-211.66978363551328
7003,498.18971847222116
7004,1.3698155017294609
7005,300.26428638735797
7006,0.6453098601326371
7007,12.564271017060594
7008,5308721139.384644
7009,0.36930085635702137
7010,157.86090619014885
7011,1891.6093918599954
7012,43.50051421420669
7013,11524.52196354308
7014,6.768735373843709
7015,10.194617838186268
7016,12.936019673687134
7017,-0.11042316334007643
7018,1.2342423692378748
7019,1.8272190093230867
7020,11.390057893752536
7021,1.2342423692378728
7022,0.15896373309576958
7023,3.593849399966645
7024,0.6544384335354542
7025,0.6366373514961696
7026,0.6544384335354542
7027,0.6366373514961696
7028,0.9988669491990149
7029,0.9887669670425462
7030,-0.09786306338760124
7031,0.554699293760017
7032,0.5000767613866777
7033,0.22093514417926646
7034,87.00102842841318
7035,2.3224803771315505
7036,5.7826593779683595
7037,10.194617838186277
7038,12811.546949860067
7039,0.321701765876958
7040,9.402712351161725
7041,1901.5989861164219
7042,3.0565597834179674
7043,5794.20717671649
7044,0.0016579811565015229
7045,0.0005705747133760282
7046,3.4653768626661754
7047,21079.885049649514
7048,0.5269021705086288
7049,0.6751181633148964
7050,0.8288501245284698
7051,0.7510732403020927
7052,1430.4490649360062
7053,0.00043891413192345165
7054,873.8526116186864
7055,0.1506382712667965
7056,57.49313246641667
7057,1946.812273745906
7058,214615.14118255474
7059,406173866.6867781
7060,113.45914450409055
7061,0.0008086063327973938
7062,3144.5821410101707
7063,0.5420758732994605
7064,0.7648478117809151
7065,1498.0417633810018
7066,0.0006798884751562598
7067,5.172401786866609
7068,0.09851907204238987
7069,214512.11220856925
7070,-23.357958931779372
7071,23.410082247823837
7072,5332287189.738085
7073,4.036346345402918
7074,22.963073838564295
7075,10.407439415598903
7076,194.77788625883173
7077,15.272156649290515
7078,0.1639707519402714
7079,0.052015806648387924
7080,-259.12252065502247
7081,453.9004069138542
7082,9.6444807884344
7083,300.9300030107262
7084,0.03445617013723064
7085,21.458270537580752
7086,5332287189.738085
7087,0.07838208525219666
7088,460.45737446400614
7089,2757.438965672631
7090,52.525806751182124
7091,10454.281326211414
7092,12.842569554623037
7093,31.275390270536086
7094,37.36761473647229
7095,-0.08657087625957924
7096,4.352707076529928
7097,3.625952049537245
7098,18.328600694327513
7099,4.352707076529916
7100,0.007005520725401598
7101,7.904529881056576
7102,0.3136619509106967
7103,0.22228329683775208
7104,0.3136619509106967
7105,0.22228329683775208
7106,0.9956751397129817
7107,0.9560762269014292
7108,-0.01912075170755401
7109,0.37411517623040286
7110,0.229096436813517
7111,0.016741234521649287
7112,105.05161350236405
7113,4.417826933621743
7114,17.160751251752135
7115,31.275390270536093
7116,4088.929672298696
7117,0.07559959168772808
7118,19.57528023072195
7119,2779.5865240038547
7120,1.3104084918649117
7121,3637.2610678195047
7122,0.0005220636416261481
7123,0.000408591657786906
7124,4.499131249875392
7125,46452.08514281121
7126,0.8566475566153833
7127,0.9184431444375066
7128,0.11660692954151455
7129,0.9401336512645002
7130,2614.07186774624
7131,0.0003867061542892111
7132,1035.2318608032895
7133,0.051909535215528727
7134,38.01702474777883
7135,2803.976332547761
7136,1373.1626134483276
7137,3785269.8152233865
7138,0.49867238367362077
7139,0.00048057689916056125
7140,8685.38870781728
7141,0.43551064071690715
7142,0.6862211974276994
7143,1934.6043193158891
7144,0.00036378781355335084
7145,6.433825487373759
7146,0.33869433782819874
7147,1364.4452705906565
7148,-6.642837571664286
7149,7.03566099901841
7150,5318115096.121688
7151,2.443083217996809
7152,4.532975003929183
7153,86.82383686818591
7154,261.6368346235984
7155,5.298391959223669
7156,0.24679030142197486
7157,0.09024158732235447
7158,-262.46317071782477
7159,524.1000053414232
7160,2.131330208489366
7161,300.5298327334378
7162,0.19500666411344542
7163,13.040140968641149
7164,5318115096.121688
7165,0.275968766594933
7166,170.0452764820333
7167,2867.739391853158
7168,53.55308250187092
7169,15356.91048869368
7170,15.126486276422298
7171,11.945121725962156
7172,12.71815077329104
7173,-0.03451139601095295
7174,1.4579157521438928
7175,2.1581477040269577
7176,10.482586567437924
7177,1.457915752143891
7178,0.1034131650558143
7179,4.512446201398429
7180,0.6091219004909513
7181,0.5771987922855406
7182,0.6091219004909513
7183,0.5771987922855406
7184,0.99898359814216
7185,0.9871469928758334
7186,-0.11344468197916799
7187,0.6268531067121138
7188,0.4535954617596732
7189,0.1814202760571164
7190,107.10616500374161
7191,2.854932470931432
7192,6.165818124813304
7193,11.94512172596216
7194,10209.09455567088
7195,0.2327433495584745
7196,9.170697633998039
7197,2877.739634491741
7198,2.4610351400605954
7199,7064.632012531012
7200,0.000888114659624704
7201,0.00037793099834540944
7202,3.7039216733552647
7203,27164.304596066882
7204,0.6155732672313737
7205,0.7433929135977304
7206,0.6078152475314377
7207,0.8108823143494855
7208,2335.7691361360403
7209,0.00031187790072671284
7210,935.5733157199471
7211,0.11235418706856577
7212,41.82701662438426
7213,2923.5968536087425
7214,105692.6542572355
7215,302751312.1777351
7216,36.91111021240605
7217,0.0004977919542457747
7218,3436.6101837396423
7219,0.41270687927700755
7220,0.6668041377478382
7221,1961.922049302267
7222,0.00038100502693017485
7223,5.671413366536425
7224,0.14141843008049998
7225,105642.65218806596
7226,-60.63296714040367
7227,41.63042683432653
7228,5140565288.058933
7229,5.146317098873163
7230,48.146514280899936
7231,8.099495345509835
7232,317.518804231473
7233,32.90631467724762
7234,-8.118761148711505
7235,-6.5640484694081245
7236,-542.1466300237275
7237,859.6654342552006
7238,20.462093938656086
7239,295.47052455888735
7240,-0.391601530229043
7241,45.91484824913559
7242,5140565288.058933
7243,0.03684971915946188
7244,2108.1732897411493
7245,11627.470260102791
7246,107.77582739923373
7247,236461.12085554108
7248,-806.5021948575645
7249,173.05291287153165
7250,125.6886031310472
7251,0.14976247399535123
7252,7.830620722008124
7253,4.39510955766759
7254,60.65633914439793
7255,7.830620722008051
7256,0.0018422937170395398
7257,9.899490008125719
7258,0.23134224662415503
7259,0.1449340877903686
7260,0.23134224662415503
7261,0.1449340877903686
7262,0.9959368745985833
7263,0.9584026254483817
7264,-0.0482869083057703
7265,0.5402793971554141
7266,0.14938125038402192
7267,0.005056525695637122
7268,215.55165479846747
7269,5.639300599599396
7270,74.68537900064447
7271,173.05291287153187
7272,2022.871770915555
7273,0.036103957415072364
7274,86.87418071172331
7275,11721.254483841385
7276,1.1673855581374875
7277,13684.417849183745
7278,0.00012077758229338931
7279,0.00010632569408526659
7280,5.449520112382093
7281,51102.397997129556
7282,0.9112054835601852
7283,0.9514779232519806
7284,0.060500163951431214
7285,0.9643357016299373
7286,11303.232174165983
7287,0.0001032423222563476
7288,897.8834027932428
7289,0.028564992294507135
7290,121.85714400820274
7291,11725.909553653803
7292,12.218687366780136
7293,143845.1527693825
7294,0.00108010100343299
7295,0.00012170492320113663
7296,15591.312219641777
7297,0.49601731363986185
7298,0.7322185297294523
7299,8588.742442932904
7300,9.830599951859291e-05
7301,7.034936747545216
7302,0.5338303726096261
7303,8.709605981786716
7304,-6.145802616404323
7305,6.463753922761496
7306,5326761803.570422
7307,2.428249657178503
7308,4.789303709471557
7309,66.520196626177
7310,231.0393302741168
7311,6.013212196069297
7312,0.29003390041549604
7313,0.047933601611666585
7314,-290.97858383984425
7315,522.0179141139611
7316,2.1457857700334997
7317,300.7740487848732
7318,-0.2764271324400988
7319,17.056493265984702
7320,5326761803.570422
7321,0.28611733232910525
7322,290.9239625325815
7323,3545.665413611807
7324,59.54750458952243
7325,38304.65932555857
7326,-24.066866980481514
7327,21.34933261130847
7328,22.309142186617795
7329,-0.03432258304711786
7330,1.6161332628123577
7331,2.136779962872544
7332,19.567517469495552
7333,1.6161332628123573
7334,0.108538557744118
7335,4.4653313713845595
7336,0.6147215024365877
7337,0.5856354634697001
7338,0.6147215024365877
7339,0.5856354634697001
7340,0.9982807732739178
7341,0.9862433360809264
7342,-0.12269328269490516
7343,0.647758514087983
7344,0.46415134003332426
7345,0.18620630721997045
7346,119.09500917904452
7347,2.87343505572803
7348,10.914618699481556
7349,21.349332611308498
7350,10453.541717929367
7351,0.2415931696912181
7352,15.88977572084184
7353,3564.9188839486615
7354,2.5476662485578143
7355,9047.86196771825
7356,0.0007517207483015535
7357,0.00031455677859542
7358,3.750565186621372
7359,26165.553602181662
7360,0.600998696353943
7361,0.7330266791732102
7362,0.6423181693540108
7363,0.8016757174521207
7364,2862.32371613358
7365,0.0002585163771605743
7366,782.5097056176886
7367,0.10059258331632455
7368,78.58769123069268
7369,3660.0385653682993
7370,118128.63530016712
7371,418355526.3194498
7372,33.364923254803166
7373,0.0004569938322395974
7374,3423.6360714744824
7375,0.44011262006356633
7376,0.6897930841907594
7377,2554.4398056238383
7378,0.00036789766425487995
7379,5.953283806976367
7380,0.13211168098909684
7381,118071.34018946491
7382,-52.84254974965639
7383,39.28242341751023
7384,5212006986.141123
7385,5.020590145326543
7386,42.13427537236389
7387,8.427218410847669
7388,375.73609996381185
7389,30.04877452650532
7390,-5.642916897945774
7391,-5.3253009333570756
7392,-493.0060105539419
7393,868.7421105177538
7394,17.9948306176799
7395,297.51661084294767
7396,0.19346205599404098
7397,43.243974784058814
7398,5212006986.141123
7399,0.04140884117431966
7400,1870.0413551243146
7401,9663.216909460225
7402,98.22272193857123
7403,226976.3207310602
7404,48.661529533240206
7405,166.18419435366178
7406,104.13880906038716
7407,0.21846456109567391
7408,6.864559238054268
7409,4.2208066934614585
7410,54.69762302108816
7411,6.864559238054207
7412,0.0023273125958262132
7413,9.650758488256301
7414,0.2520729391967776
7415,0.16371476532355944
7416,0.2520729391967776
7417,0.16371476532355944
7418,0.9967364294383854
7419,0.963723442969297
7420,-0.05305271825416791
7421,0.5723424089556496
7422,0.1684066380166453
7423,0.00663458067505345
7424,196.44544387714203
7425,5.583720586024262
7426,67.58075085351214
7427,166.1841943536616
7428,2247.611438427338
7429,0.040420785116119747
7430,77.52284007462431
7431,9754.96782783548
7432,1.195164658627925
7433,11647.392251287085
7434,0.00014453227691991102
7435,0.00012414165748277079
7436,5.362518170759001
7437,50017.67221025775
7438,0.8985883150595938
7439,0.9442496466204908
7440,0.07091852408465232
7441,0.9589763768401885
7442,9357.15508747033
7443,0.00011985135338360858
7444,880.2172487178592
7445,0.030709180780722857
7446,114.84974575475242
7447,9811.461291560548
7448,19.20580539371315
7449,187217.09918710534
7450,0.0020202076313279096
7451,0.00014227513532559738
7452,13413.978822872694
7453,0.4679893529244215
7454,0.7114512899263855
7455,7008.474334896906
7456,0.00011175092065076104
7457,7.094695894649439
7458,0.48678713358921233
7459,14.985714369161036
7460,-26.127534045597102
7461,9.349672524960086
7462,5162763920.840326
7463,3.608298795861285
7464,11.900378032683044
7465,48.03407927056358
7466,448.6413710019057
7467,13.521070781582782
7468,-5.236763690579472
7469,-2.290070854873006
7470,-385.64657189429425
7471,834.2879428962
7472,5.764831057239463
7473,296.1078062131807
7474,1.5034204233119144
7475,28.18629845828071
7476,5162763920.840326
7477,0.14018369141094134
7478,794.4674207792775
7479,6007.57530819292
7480,77.37338256531807
7481,520909.82991055783
7482,1532.0122327178321
7483,100.51503785711802
7484,16.7752271446689
7485,0.7120748596119965
7486,1.7152631466944062
7487,2.419929787745536
7488,13.787257245716365
7489,1.715263146694402
7490,0.04500843691002445
7491,6.249851970945641
7492,0.5980381076630453
7493,0.5589152076700963
7494,0.5980381076630453
7495,0.5589152076700963
7496,0.9994313393346368
7497,0.9903006835039653
7498,-0.23486367019421348
7499,0.8952847074364088
7500,0.38997831342755546
7501,0.14700851380800856
7502,154.74676513063596
7503,4.42089967199881
7504,29.322566250446798
7505,100.51503785711826
7506,5658.448967405763
7507,0.11696741756141645
7508,38.59425136033273
7509,6016.818127973062
7510,2.0338182651015098
7511,12318.341420385634
7512,0.00036261782099762603
7513,0.00019267344991065702
7514,4.5804686728602055
7515,35328.527666599344
7516,0.7264347537573729
7517,0.8161041770633847
7518,0.4809016337915797
7519,0.8738219363339067
7520,5250.001734000934
7521,0.00017184175628766032
7522,529.7525851197983
7523,0.044535736453955296
7524,128.3553507793162
7525,5956.057250945775
7526,23964.952837326608
7527,146784203.48053804
7528,3.913367840333219
7529,0.00027052181332227186
7530,4760.0211013030685
7531,0.4001699118371642
7532,0.6574713732241007
7533,3946.7691496780835
7534,0.00021058224102821503
7535,7.026619273073742
7536,0.20201419788730002
7537,23940.448880810636
7538,762.8060194250726
7539,1554.4314759791234
7540,138769409581.82397
7541,7.808811344283015
7542,468.71098563507576
7543,2.3067576665103906
7544,2087.7608017352395
7545,250.62984034686465
7546,1206.1821215105083
7547,1258.782602283297
7548,1.2923927341548513
7549,2086.4684090010846
7550,190.90280683241244
7551,1535.1668853741128
7552,-0.4326584506284305
7553,296.90534315057096
7554,138769409581.82397
7555,0.004964700765574951
7556,88152.78279135829
7557,64604.35385597902
7558,248.21414099430933
7559,393223557.3642373
7560,-781965.8802493832
7561,12600.634737540955
7562,627.3612780378749
7563,0.904968585458028
7564,17.519280648251446
7565,5.577539379815495
7566,313.47693045500284
7567,17.51928064825089
7568,0.0001021141790847248
7569,13.843469062605276
7570,0.14451445775339108
7571,0.07644754114378502
7572,0.14451445775339108
7573,0.07644754114378502
7574,0.9964813478693345
7575,0.9612837943321193
7576,-0.21289090322781723
7577,0.9801082079659698
7578,0.07970407556597542
7579,0.0005089186491418503
7580,496.4282819886189
7581,8.710800779290132
7582,3306.9990038947008
7583,12600.63473754094
7584,285.27681833833253
7585,0.004945691502246387
7586,3520.0102489243022
7587,61710.05244101148
7588,1.064910743121324
7589,66539.09166277794
7590,4.1135539461227755e-05
7591,3.999183035551431e-05
7592,7.947078581523359
7593,55446.55347905712
7594,0.9612027330638936
7595,0.9796124191015708
7596,0.022757938040488854
7597,0.985020494936456
7598,60604.719600558754
7599,3.972496138720673e-05
7600,218.99023832556503
7601,0.0048146653400220965
7602,3415.0784966738624
7603,58768.761674434965
7604,2.5528097792630375
7605,178962.8850584821
7606,7.16811525920782e-05
7607,4.585009538820114e-05
7608,31674.23625890423
7609,0.6963819421973492
7610,0.8595977051857574
7611,49096.59486629805
7612,4.314115975835231e-05
7613,8.706030638605297
7614,0.7724601745864611
7615,0.8769109246792108
7616,10.0
7617,22108.0
7618,22108.0
7619,14520.576362515823
7620,0.6568018980692882
7621,0.26234124384956864
7622,3.8118291478918906
7623,70.43436661176133
7624,58.69412236331676
7625,65.30696746902278
7626,64.4437739428721
7627,65.6896587402756
7628,41.96962075613423
7629,36.100502299115156
7630,0.6389075778590069
7631,0.54956142247366
7632,164.95777080929673
7633,225.42106345451498
7634,5427948698.311865
7635,4.309541062201404
7636,31.32435643065523
7637,4.452351874412067
7638,302.639244423107
7639,18.916445470127623
7640,194.90017615342356
7641,195.55365383458786
7642,38.93187168131161
7643,263.7073727417954
7644,13.169772518035135
7645,495.4994071532564
7646,-0.2631610818750163
7647,24.361406620696048
7648,5427948698.311865
7649,0.06037051477705593
7650,593.4781325388932
7651,1065.821659614731
7652,32.404170907309286
7653,22389.295779761433
7654,-88.78375187470421
7655,73.68945731973203
7656,10.527504696004515
7657,0.7493699696780145
7658,2.4693030444361437
7659,2.846362091985842
7660,4.339181679242155
7661,2.4693030444361455
7662,0.006540254488529214
7663,7.79492930448025
7664,0.4126710189981695
7665,0.33123360997416085
7666,0.4126710189981695
7667,0.33123360997416085
7668,0.9964433201169846
7669,0.9575374672552551
7670,-0.1544324281975569
7671,0.8446870096988486
7672,0.3351102624627886
7673,0.01564497932989329
7674,64.8083418146186
7675,5.1285504591076805
7676,21.054240503934132
7677,73.68945731973201
7678,1179.2720749254995
7679,0.05927420875801689
7680,24.733012083718187
7681,1080.4756418877043
7682,1.3649598569705903
7683,1468.6505316407129
7684,0.0015325428498713092
7685,0.0011662869318672551
7686,4.8466214863464705
7687,16332.728851205353
7688,0.8203901635813017
7689,0.8998656942840036
7690,0.12845467470451977
7691,0.924247762200667
7692,999.6792186963042
7693,0.0010903231800021343
7694,231.59226646248086
7695,0.04433236341165407
7696,43.39842146859002
7697,1093.7836906584992
7698,303.135528330781
7699,313239.9439127106
7700,0.3003484639526817
7701,0.0016239037780234641
7702,1753.802067381317
7703,0.33572015072383554
7704,0.6008723890285693
7705,644.9801599830315
7706,0.0012108027683635707
7707,7.075509814294128
7708,0.23629455400759905
7709,285.2256524838828
7710,-12.839254474639892
7711,10.163689422607419
7712,1973506799.2201922
7713,2.980509912098607
7714,11.5868980884552
7715,4.355578813752968
7716,45.89341735839844
7717,7.333050707346906
7718,-1.3809482522932461
7719,-1.1850972175598145
7720,-52.91728591918945
7721,98.81070327758789
7722,4.827463692175914
7723,298.77522734724397
7724,-0.3048414093675252
7725,9.659110191822327
7726,1973506799.2201922
7727,0.1566132297428722
7728,93.29840969776595
7729,130.01210100609984
7730,11.290188718459744
7731,676.0261399254035
7732,-13.60269090107496
7733,12.582248775714826
7734,2.4091118802464937
7735,0.6781924537329599
7736,1.1309717621117024
7737,1.9320015398573438
7738,1.1062994944474436
7739,1.1309717621117026
7740,0.03528610967592644
7741,5.463315447331439
7742,0.5896901552483196
7743,0.5510170980808258
7744,0.5896901552483196
7745,0.5510170980808258
7746,0.9946621354573523
7747,0.9509698722218451
7748,-0.1617603561299312
7749,0.7716385128235278
7750,0.48047862682606457
7751,0.07506800559033576
7752,22.58037743691949
7753,3.8402606761866087
7754,3.747840163990329
7755,12.58224877571483
7756,2614.078652563966
7757,0.14988567995683982
7758,4.112370961282294
7759,129.3930939563669
7760,1.9984732575459816
7761,260.4180609698186
7762,0.01774333841913068
7763,0.009347281911849527
7764,3.9652776400692855
7765,11541.551509294914
7766,0.6592974290056388
7767,0.7888233984217334
7768,0.37794957355678566
7769,0.8385882079624272
7770,108.2010962941848
7771,0.007970896285080646
7772,148.74888463989802
7773,0.09480489779470874
7774,9.755241068007651
7775,129.2874442319949
7776,29482.86934353091
7777,3749784.624601657
7778,236.728327777801
7779,0.012980274984413197
7780,430.10898661567876
7781,0.2741293732413504
7782,0.5403236859747885
7783,71.84937265662886
7784,0.00697303835169963
7785,6.30462768446479
7786,0.07096978469332368
7787,29284.32705449473
7788,-13.676126861572264
7789,17.43751811981201
7790,2016011594.605385
7791,3.47049194604074
7792,16.231114983558655
7793,5.997258577253717
7794,75.9957504272461
7795,10.525001801387102
7796,1.6341219365887272
7797,2.2673134803771973
7798,-73.85417175292969
7799,149.84992218017578
7800,6.765291144564351
7801,301.9755526895717
7802,-0.6896597805456587
7803,14.35586659576573
7804,2016011594.605385
7805,0.11401784564738023
7806,206.09090571542234
7807,258.8826871748821
7808,15.860500688757714
7809,5483.725787440336
7810,-121.96496956309187
7811,30.591713927642004
7812,1.2848335959005355
7813,0.9191963182538463
7814,0.7699096527764838
7815,1.587119689516004
7816,0.6738751581355514
7817,0.7699096527764838
7818,0.03569724977013382
7819,5.519270231412742
7820,0.684129086137073
7821,0.6641205692304479
7822,0.684129086137073
7823,0.6641205692304479
7824,0.9986715672111275
7825,0.9764143936935615
7826,-0.39574657221984194
7827,0.9637325779250099
7828,0.46058884929479177
7829,0.07049869462534476
7830,31.721001377515435
7831,4.392507673540754
7832,7.9691368808856335
7833,30.591713927642004
7834,1665.8030144187749
7835,0.10859545671490592
7836,9.511413636693897
7837,256.8755076598887
7838,3.171892746120137
7839,827.7030286694905
7840,0.015401769902719388
7841,0.005995006790517405
7842,4.796774025632603
7843,8990.781309166534
7844,0.5801405841366358
7845,0.6922902951942207
7846,1.0151586731914506
7847,0.7877948146167403
7848,201.20189714541462
7849,0.005023534015827619
7850,43.45897079276773
7851,0.0604436311443223
7852,26.516677490361708
7853,273.1682892906815
7854,43148.08901251738
7855,10463954.077885952
7856,182.8795937799067
7857,0.017421667287315364
7858,130.31015299026424
7859,0.18123804310189742
7860,0.42449585775024967
7861,116.19541499120737
7862,0.010620058058408832
7863,7.16268382009406
7864,0.03252216392256197
7865,42202.63342882732
7866,-12.861408996582032
7867,22.87328758239746
7868,2080998981.4328666
7869,3.623896592076769
7870,15.826572120189667
7871,8.114240222082648
7872,72.47579956054688
7873,12.167914751376504
7874,6.270076900827091
7875,8.572014808654785
7876,-83.94168853759766
7877,156.41748809814453
7878,6.877679327910599
7879,306.8041330775985
7880,-1.5927998707147386
7881,18.09464198756718
7882,2080998981.4328666
7883,0.11073912401147723
7884,327.4160686582291
7885,363.9095880601178
7886,18.767927383634714
7887,19370.998882613603
7888,-551.253903681827
7889,47.55176774357487
7890,0.8546524539027877
7891,0.9644970230255634
7892,0.613053184977204
7893,1.3624779972888081
7894,0.4611582864708813
7895,0.613053184977204
7896,0.044953825162618984
7897,5.349278119134639
7898,0.7289300670100246
7899,0.7172492784065764
7900,0.7289300670100246
7901,0.7172492784065764
7902,0.9991683566805782
7903,0.9816347267562783
7904,-0.49534080300467115
7905,0.9834127977357044
7906,0.4443830090545461
7907,0.09757688001290918
7908,37.53585476726943
7909,4.492296127494319
7910,12.101605049369423
7911,47.55176774357489
7912,1375.4072004084794
7913,0.09638919624243711
7914,16.084269162580405
7915,359.62105392255955
7916,4.08649435171965
7917,1520.415483043888
7918,0.017149655595222326
7919,0.005999266950803738
7920,5.197246601447278
7921,7634.0961302119
7922,0.5276708831284367
7923,0.641462888477543
7924,1.5098206703041106
7925,0.7506934544033546
7926,267.23448365011245
7927,0.004927624878365664
7928,16.044692737430168
7929,0.04481757747885522
7930,48.3194658483415
7931,363.53072625698326
7932,112882.63687150838
7933,42720426.88826816
7934,310.87858768068344
7935,0.02279923977238866
7936,39.944134078212294
7937,0.11157579351455947
7938,0.32955865752291524
7939,122.84013123286937
7940,0.011716638517000659
7941,7.56356517687521
7942,0.016193233218744347
7943,109069.05689585222
7944,-4.595579081036254
7945,4.61924551674198
7946,1990336361.5290043
7947,1.755265821070783
7948,4.61395824026838
7949,80.64048357627271
7950,85.59360248081062
7951,2.946172655470227
7952,0.018403145864864596
7953,0.040911868520988576
7954,-139.24965119143357
7955,224.8432536722442
7956,1.9349787738092072
7957,300.04646235173965
7958,-0.9350388947963476
7959,4.10333323034393
7960,1990336361.5290043
7961,0.35627045303433197
7962,16.83734359924475
7963,812.2443738442373
7964,28.500846177844387
7965,50.74657058584464
7966,-0.3337372142886815
7967,1.3354328950703387
7968,1.550869299882138
7969,-0.07455046758909763
7970,0.875159759805529
7971,1.6504872926981229
7972,0.7828100963989839
7973,0.8751597598055288
7974,0.1317025390772842
7975,3.4692236861184718
7976,0.6435917423549169
7977,0.6199066022141138
7978,0.6435917423549169
7979,0.6199066022141138
7980,0.9992788759809114
7981,0.981661559339548
7982,-0.013229587418837936
7983,0.20741583976676034
7984,0.5111463925202859
7985,0.1857735201335724
7986,57.00169235568878
7987,2.1870069119290245
7988,0.721575548738119
7989,1.3354328950703385
7990,5085.893135171472
7991,0.3220205801040444
7992,0.9318047804958745
7993,813.3714578615075
7994,2.565866398709048
7995,2086.6646699642647
7996,0.0032266221670078014
7997,0.0012979430667495416
7998,3.0333054497379743
7999,8926.648342543363
8000,0.5650803361330168
8001,0.71434635565267
8002,0.6043110751924636
8003,0.7791935202239295
8004,633.8731794065463
8005,0.001025846323267612
8006,420.1770468859342
8007,0.2940357221035229
8008,4.457146550926255
8009,820.4009797060882
8010,104737.19804058783
8011,85187332.14485654
8012,128.9333246613268
8013,0.0019399997195999553
8014,695.7837648705388
8015,0.4869025646399852
8016,0.7239187557026606
8017,595.1061683775629
8018,0.0015970861596403304
8019,4.048099056796288
8020,0.06463723538990411
8021,104497.84747710743
8022,-7.731453207981886
8023,7.593656733415516
8024,1989879045.5416186
8025,2.3799333251346177
8026,7.810412697276929
8027,12.123406200398739
8028,128.696416517809
8029,4.803579428844217
8030,-0.05253032553559702
8031,-0.07363428581739001
8032,-34.782531146082285
8033,163.4789476638913
8034,3.265098508010855
8035,300.0119898048575
8036,0.4338480475323847
8037,6.221692901146577
8038,1989879045.5416186
8039,0.22970293470915631
8040,38.70946255617771
8041,56.08780467434768
8042,7.496995759614055
8043,59.41085785907213
8044,0.9713303810109934
8045,2.953307206995529
8046,3.4220346376123203
8047,-0.07406991503636279
8048,1.3991115653603874
8049,2.1468260481622297
8050,1.457458167899508
8051,1.3991115653603876
8052,0.05501508504852588
8053,4.717392952966891
8054,0.5340736243506505
8055,0.48083477115783396
8056,0.5340736243506505
8057,0.48083477115783396
8058,0.9969028367480384
8059,0.9604657247758867
8060,-0.010035569678324715
8061,0.20783288156698893
8062,0.4548357171289903
8063,0.09857028676433453
8064,14.99399151922811
8065,2.807352234233655
8066,1.5938354611519625
8067,2.953307206995528
8068,3797.9267969007196
8069,0.2130439844951814
8070,1.8391899588780218
8071,57.92410259392523
8072,1.8810220497533048
8073,107.90798080114396
8074,0.03654072191626956
8075,0.020138381087432957
8076,3.300581766229406
8077,12245.664299716815
8078,0.6843964642229806
8079,0.8064605920585652
8080,0.3301801640068112
8081,0.8529106149164127
8082,49.555029107970306
8083,0.017382666454130915
8084,329.0097513408094
8085,0.1604143107463722
8086,6.270121173840828
8087,63.38274012676743
8088,39091.997074597755
8089,2203222.54363725
8090,709.0231630887271
8091,0.02705148967153927
8092,809.5587518283764
8093,0.3947141647139817
8094,0.651930139435393
8095,42.01037115637561
8096,0.01888447321826758
8097,4.91262576570683
8098,0.0927718472950968
8099,38975.80738510736
8100,-9.442860103757733
8101,9.5611938929944
8102,1991521592.6804729
8103,2.7005967452698103
8104,9.620776963514494
8105,4.732509879002914
8106,81.69793998789426
8107,6.002085780921904
8108,0.03365291389571547
8109,0.028759706271975563
8110,-43.10945454119188
8111,124.80739452908614
8112,4.00998309638093
8113,300.135786823157
8114,0.13787443873652463
8115,7.829281646452739
8116,1991521592.6804729
8117,0.1875651705565412
8118,61.29765109948172
8119,90.45048012922761
8120,9.511239374771804
8121,111.29942163332053
8122,0.6364856336824266
8123,4.975828756271539
8124,5.028628448024415
8125,-0.0051560753263010795
8126,1.6375924309893302
8127,2.3168245379602244
8128,2.177994233584279
8129,1.6375924309893306
8130,0.04056421177015011
8131,5.230433924188867
8132,0.5115567628009032
8133,0.45307047222344426
8134,0.5115567628009032
8135,0.45307047222344426
8136,0.9928134759769054
8137,0.9434314918705413
8138,-0.056689170649191725
8139,0.42537415898051406
8140,0.4237961221362616
8141,0.08095325200140804
8142,19.022478749543616
8143,3.1455152096984142
8144,2.501114301073989
8145,4.97582875627154
8146,3254.7093853212677
8147,0.17527891415508856
8148,2.8138323959464766
8149,93.26263467417145
8150,1.6769833385289936
8151,155.111846783117
8152,0.02018913870381595
8153,0.012396745919695588
8154,3.49331958621972
8155,13630.311059352387
8156,0.7317640604403249
8157,0.8399813502943588
8158,0.2496305819274849
8159,0.8790322837446921
8160,82.19717629465116
8161,0.010995540393987703
8162,363.0372492836676
8163,0.13002766808154284
8164,8.604297044975002
8165,100.50179083094555
8166,20907.04154727794
8167,1890126.9820916906
8168,235.23210552566695
8169,0.015567689803724135
8170,1089.6747851002865
8171,0.39028466515053245
8172,0.6472999400730813
8173,65.59417958477479
8174,0.010663050583409227
8175,5.2238010083407955
8176,0.12628912610819612
8177,20844.341468871356
8178,-18.607353860840888
8179,17.518477171003724
8180,1987913511.389042
8181,3.5946943616789593
8182,18.46693880289359
8183,3.8906426936837883
8184,82.21196405191837
8185,11.361964915927176
8186,-0.49589042285356566
8187,-0.3654937009144472
8188,-87.60962681016389
8189,169.82159086208225
8190,7.673062621534183
8191,299.86378242944437
8192,-0.07833817048542346
8193,14.682518833423012
8194,1987913511.389042
8195,0.10022530234571614
8196,215.57635929382147
8197,339.7229717750894
8198,18.40625018496233
8199,1474.1310513521962
8200,-9.075206038531405
8201,18.65395498231945
8202,14.922392632942994
8203,0.10701097465002812
8204,2.8835294880131612
8205,3.0073809301619603
8206,6.0815590095106185
8207,2.88352948801316
8208,0.011889216098154319
8209,6.975652339202327
8210,0.3890928136485365
8211,0.30575104794370533
8212,0.3890928136485365
8213,0.30575104794370533
8214,0.9884114130044344
8215,0.9277915046540768
8216,-0.046259103027215
8217,0.3847005554589444
8218,0.310423402246808
8219,0.0260990303331435
8220,36.81250036992469
8221,4.109387962062721
8222,8.394086903815612
8223,18.65395498231945
8224,1935.516650052637
8225,0.09721250533350838
8226,9.126204523739604
8227,347.45022366910746
8228,1.3683961127651307
8229,474.2311611058101
8230,0.004464639042934731
8231,0.003325999053358698
8232,4.129759180935654
8233,16429.63341520101
8234,0.8232492399303533
8235,0.9007181528440799
8236,0.13076234316748025
8237,0.9249908699535022
8238,321.6353542295901
8239,0.003093015666926433
8240,389.5103741798191
8241,0.06907437031030664
8242,17.132262863815985
8243,355.7405568363185
8244,519.3892534137258
8245,177455.09700301473
8246,1.5360398545675067
8247,0.003782490734203527
8248,1961.2347934030856
8249,0.34779833186789955
8250,0.611415414791214
8251,221.43394532252134
8252,0.0024323814146371327
8253,6.319545241026052
8254,0.25506603944273565
8255,504.01851531720814
8256,-7.54355007978496
8257,7.458677009840233
8258,1990179616.0181053
8259,2.391464769736457
8260,7.465671861244428
8261,24.520873811041778
8262,133.45678598679115
8263,4.786702783452366
8264,-0.03735676375199512
8265,-0.04499922944486894
8266,-69.93642802081015
8267,203.3932140076013
8268,3.1357314437909327
8269,300.03464729802806
8270,0.8722241730324273
8271,6.57284124070327
8272,1990179616.0181053
8273,0.23511871373482462
8274,43.202241975489706
8275,210.06714125344126
8276,14.490746421200544
8277,218.98991211068434
8278,3.8597903158260287
8279,3.66718570772462
8280,3.325549769017008
8281,0.045653047407545756
8282,1.2796534930889254
8283,2.05175100594016
8284,1.6178320094086356
8285,1.2796534930889247
8286,0.061846988423490054
8287,4.642846301843796
8288,0.5667720736493244
8289,0.5220204743582856
8290,0.5667720736493244
8291,0.5220204743582856
8292,0.9980763741873968
8293,0.9705760423475545
8294,-0.04752742959332245
8295,0.3766291716420432
8296,0.46308393195337016
8297,0.11205844938183009
8298,28.981492842401092
8299,2.8846451222322536
8300,1.7481838691854077
8301,3.6671857077246206
8302,3803.3533051122545
8303,0.2154073958026662
8304,2.0935439105405083
8305,212.0910650288952
8306,1.9288709367531363
8307,407.89985567620556
8308,0.00955444355009262
8309,0.005089656589071395
8310,3.3511605287461226
8311,11961.075029760095
8312,0.6754447164479255
8313,0.7987571502136362
8314,0.3513370715498534
8315,0.8480411035297393
8316,180.0570267158726
8317,0.004357430624218825
8318,320.0980019029496
8319,0.15228258891672197
8320,8.253347588857878
8321,219.12464319695528
8322,40445.989533777356
8323,8522479.112749763
8324,193.05533352806543
8325,0.006830913673769749
8326,817.7802093244529
8327,0.3890486247975513
8328,0.647561745152745
8329,143.78023194750295
8330,0.005009916508342075
8331,5.0672767934246945
8332,0.0950787045413425
8333,40335.369575982644
8334,-14.028119130685178
8335,13.795287663962444
8336,1990857516.6618984
8337,3.243842207340111
8338,14.134217747445666
8339,11.936609744411479
8340,138.88903815849994
8341,8.874102817519475
8342,-0.1464590014448206
8343,0.11392295046676648
8344,-198.40593354534371
8345,337.29497170384366
8346,5.907438811094102
8347,300.08574227501964
8348,-0.6594929106550369
8349,11.802824550814382
8350,1990857516.6618984
8351,0.12938392654327924
8352,139.30666737730672
8353,1641.6654161552528
8354,40.50367080658398
8355,1704.373514924625
8356,-30.805026731981073
8357,12.913125336481816
8358,8.442066087907314
8359,0.20516713424207136
8360,2.148766637851563
8361,2.6445889062200005
8362,3.6155577642563177
8363,2.1487666378515637
8364,0.019468831948330448
8365,6.283721032067047
8366,0.4466878516521254
8367,0.37280099347842
8368,0.4466878516521254
8369,0.37280099347842
8370,0.9982081005230422
8371,0.9700767655676088
8372,-0.04408959922402854
8373,0.36939744457258916
8374,0.3696307314155045
8375,0.04005486575579526
8376,81.00734161316802
8377,3.8224362191675207
8378,5.338797856097282
8379,12.913125336481809
8380,2396.723966507034
8381,0.12448346405345924
8382,6.038016038167741
8383,1643.0754337455191
8384,1.505832762188362
8385,2476.2036118854394
8386,0.000982328322436344
8387,0.0006729282167506132
8388,3.907899880312208
8389,14979.361598454088
8390,0.7758186574850441
8391,0.8710282389945857
8392,0.18112663498658577
8393,0.9019136580788781
8394,1481.5149276422705
8395,0.0006128978140139238
8396,313.01394475730757
8397,0.083940451798688
8398,14.535123050034874
8399,1632.4773397693752
8400,6317.445427728613
8401,10326055.485116653
8402,3.8705563813150663
8403,0.0009188929675642483
8404,1278.8310539018503
8405,0.34294209007826504
8406,0.6063165057138683
8407,987.3503089069177
8408,0.0006717467857011045
8409,6.095648546146353
8410,0.16867197394608285
8411,6282.296332924644
8412,-16.939287774388934
8413,15.732768675981397
8414,1987435149.0870414
8415,3.4672995319671216
8416,16.456048966643188
8417,4.980814496461811
8418,93.97712271790759
8419,10.339015265558231
8420,-0.48254447879217705
8421,-0.16961749678144455
8422,-103.0062427608181
8423,196.9833654787257
8424,6.854958616989728
8425,299.82770134270123
8426,-0.29553062592112056
8427,13.636140603166792
8428,1987435149.0870414
8429,0.1113397905945807
8430,185.944330549334
8431,463.1905954599447
8432,21.41729306641931
8433,2718.2087310809266
8434,-37.369779502589346
8435,23.70464917329322
8436,5.74430098967998
8437,0.6096108846904372
8438,1.8026572334173228
8439,2.4516233660700757
8440,2.4340318917990134
8441,1.802657233417322
8442,0.016528111412443588
8443,6.534912042657507
8444,0.48119520866103943
8445,0.414446002326722
8446,0.48119520866103943
8447,0.414446002326722
8448,0.9964673090051093
8449,0.9581755791648229
8450,-0.10906900947184384
8451,0.7073346677471801
8452,0.403867695451701
8453,0.036480087542736996
8454,42.834586132838645
8455,4.293316768289002
8456,7.362237540743299
8457,23.704649173293223
8458,2105.29623767264
8459,0.1073096579714255
8460,7.9652730864827355
8461,465.6329491173483
8462,1.4265873182009103
8463,664.2750648530784
8464,0.0033345884167722893
8465,0.0023847218049549697
8466,4.063634184882432
8467,15760.79918914854
8468,0.8016020353153834
8469,0.8875067848742533
8470,0.15206560604121505
8471,0.914768249850218
8472,425.94859395811767
8473,0.0021943023749173953
8474,345.22241050624865
8475,0.07312484865626957
8476,17.119896000693828
8477,466.4952340605804
8478,1666.2579961872484
8479,780540.060792205
8480,3.5740173607332966
8481,0.0027888292572504
8482,1620.5411988985384
8483,0.34326227470843856
8484,0.6067833761016638
8485,284.2935558588395
8486,0.0018206809948129602
8487,6.289293125987959
8488,0.21354260901031302
8489,1644.3283860469035
8490,470.0107557988952
8491,630.5049880325209
8492,16082154928.021275
8493,5.727229207998565
8494,83.25140637216066
8495,4.424894210097456
8496,814.6346588470434
8497,50.61716691110828
8498,550.3881892093935
8499,551.7806431815511
8500,111.15344547345256
8501,703.4812133735909
8502,34.54576733343906
8503,852.8985829298599
8504,-0.31679819663560765
8505,65.39052237849012
8506,16082154928.021275
8507,0.022637799850849794
8508,4275.920416931817
8509,7944.987275491261
8510,88.4251278136775
8511,1243233.8287793892
8512,-2473.410161468057
8513,549.266192661554
8514,45.35091753371788
8515,0.8468751440200855
8516,5.0597507887525595
8517,3.8140735902466663
8518,19.212002166435504
8519,5.0597507887525435
8520,0.0012429690132349904
8521,10.194992583364272
8522,0.2843658992606223
8523,0.19255293517013056
8524,0.2843658992606223
8525,0.19255293517013056
8526,0.9977435066800101
8527,0.9662105999483445
8528,-0.18923635304137731
8529,0.9338073014441125
8530,0.19718164148298312
8531,0.0035422033288261684
8532,176.85025562735493
8533,6.570005284700912
8534,148.65427754881816
8535,549.2661926615541
8536,470.94056501023323
8537,0.02245526919583858
8538,173.92754625261176
8539,8020.689409831661
8540,1.1714305521124695
8541,9384.403424684053
8542,0.00021178880839905164
8543,0.00018885979679590024
8544,6.037769270563767
8545,18963.02909832195
8546,0.9039560151598087
8547,0.9486124062295569
8548,0.05961218372318633
8549,0.9616147483307286
8550,7715.47513102524
8551,0.00018371589206050783
8552,222.05370336997657
8553,0.020008443266352188
8554,218.86108881502338
8555,8045.258965579384
8556,9.914579203460082
8557,77388.21562443684
8558,0.0014435739997413243
8559,0.0002379808190159518
8560,4911.375022526581
8561,0.44254595625577414
8562,0.6916685391079279
8563,5552.466338397997
8564,0.0001965884105763972
8565,7.650896209531196
8566,0.5019902297810748
8567,5.946233755326691
8568,10.0
8569,22108.0
8570,22108.0
8571,14520.576362515823
8572,0.6568018980692882
8573,0.26234124384956864
8574,3.8118291478918906
8575,70.43436661176133
8576,58.69412236331676
8577,65.30696746902278
8578,64.4437739428721
8579,65.6896587402756
8580,41.96962075613423
8581,36.100502299115156
8582,0.6389075778590069
8583,0.54956142247366
8584,243.73317874512833
8585,390.99367577245425
8586,8403033940.712529
8587,5.570681349073988
8588,79.34583858093362
8589,3.337907531974337
8590,578.5995144511024
8591,46.54254925383013
8592,313.73563745007846
8593,310.3029924698099
8594,37.299513962529836
8595,541.3000004885726
8596,32.79549875969708
8597,616.514550447399
8598,0.20153426436054103
8599,58.47014825622022
8600,8403033940.712529
8601,0.024720880233028125
8602,3418.7582371043723
8603,3406.387202551933
8604,57.7438576677371
8605,545095.2316399373
8606,1884.6407927070045
8607,399.355359947486
8608,111.24537280839132
8609,0.5640714614352021
8610,7.989108334998745
8611,4.444796998090123
8612,46.21777915594001
8613,7.989108334998725
8614,0.0008833414822573007
8615,10.61879985098389
8616,0.2159095860716024
8617,0.12973714899953792
8618,0.2159095860716024
8619,0.12973714899953792
8620,0.9909679457237679
8621,0.934716676561092
8622,-0.07667170268455183
8623,0.7407948204682011
8624,0.13522814878682243
8625,0.002375216615349695
8626,115.48771533547477
8627,6.340518862388988
8628,127.6501831889691
8629,399.3553599474867
8630,525.3121195820743
8631,0.02459469440667473
8632,138.03563175330896
8633,3299.2430574949994
8634,1.1086855289283961
8635,3661.312845768141
8636,0.0005119736590529903
8637,0.0004640438528402933
8638,5.791788932992461
8639,19974.52329779418
8640,0.9351055540927172
8641,0.9661104229586216
8642,0.037139213607651274
8643,0.9746165338205302
8644,3214.2984099565047
8645,0.00045269409072460124
8646,324.2698367434234
8647,0.023117547354632024
8648,154.73719518888728
8649,3276.062736151707
8650,4.378270478363157
8651,14325.526056890283
8652,0.0018333033198209107
8653,0.00046142273637629
8654,7569.373993013474
8655,0.5396288581317085
8656,0.763146659348371
8657,2475.631763737433
8658,0.0003257960578639717
8659,7.032789134242628
8660,0.6344762077076171
8661,1.8941690883669855
8662,-65.27318801879882
8663,14.193582248687742
8664,1700273376.283402
8665,4.664883975519873
8666,41.9093633890152
8667,3.036315968205186
8668,137.99937438964844
8669,24.648722436934246
8670,-24.392353169848867
8671,-23.129130363464355
8672,-153.74012756347656
8673,291.739501953125
8674,17.392584847101777
8675,277.32220796918193
8676,-0.1445062047236492
8677,30.790128964473205
8678,1700273376.283402
8679,0.045770481006951455
8680,948.0320416488918
8681,706.7284220865236
8682,26.18890142905451
8683,42761.67863939508
8684,-111.62680418268502
8685,117.27241354910156
8686,33.81613742191212
8687,0.5527595311027933
8688,4.391933769067106
8689,3.6224342893042243
8690,14.117175082019711
8691,4.391933769067101
8692,0.0028018942842317255
8693,8.97285029822063
8694,0.310046351839221
8695,0.2194092027308071
8696,0.310046351839221
8697,0.2194092027308071
8698,0.9906396394526835
8699,0.9338517834762201
8700,-0.07491726813686181
8701,0.6853999970398461
8702,0.22545067551296163
8703,0.006481314589855282
8704,52.37780285810909
8705,5.476064456256247
8706,37.772137742753436
8707,117.27241354910153
8708,942.8097622720095
8709,0.045436985409395184
8710,38.53632803913905
8711,747.7716182703747
8712,1.2100005726970302
8713,901.1566601146167
8714,0.0023010329014325273
8715,0.0019329488001018566
8716,5.0226079597875195
8717,18411.456398543945
8718,0.8869813591946694
8719,0.9385812306022179
8720,0.07413937311538664
8721,0.9543090589887578
8722,714.4258963497304
8723,0.0018517336100642916
8724,397.73413486670154
8725,0.04158224096881354
8726,45.96873850967449
8727,769.2947203345531
8728,18.578985886042865
8729,13872.040041819133
8730,0.029325357025038717
8731,0.0020637927488373173
8732,3854.142498693152
8733,0.40294223718694744
8734,0.659244609603787
8735,520.5578701351009
8736,0.001333408044065931
8737,6.764682941968116
8738,0.4326488149086304
8739,13.23667739015168
8740,-68.96201934814454
8741,-10.044770717620857
8742,1519081009.070416
8743,4.311990206215841
8744,30.45213508605957
8745,4.244319597885066
8746,82.85340881347656
8747,18.804027367980282
8748,-39.01577530763821
8749,-38.544921875
8750,-150.4451904296875
8751,233.29859924316406
8752,12.648032796617326
8753,262.12940350994
8754,-0.1623923114077444
8755,24.475674581178293
8756,1519081009.070416
8757,0.06136472534504939
8758,599.0586462037372
8759,551.2876884021376
8760,23.072004003899785
8761,29178.361850564535
8762,-243.64284084906188
8763,82.23248261044363
8764,6.368306004899264
8765,0.856130402695308
8766,1.8959666518532896
8767,2.51928328071235
8768,2.6733454981673774
8769,1.8959666518532872
8770,0.008275670559433203
8771,7.489134058019289
8772,0.4748231411885718
8773,0.4067370011712146
8774,0.4748231411885718
8775,0.4067370011712146
8776,0.9972650125421681
8777,0.9630329702951365
8778,-0.23841662118565438
8779,0.924413885773524
8780,0.39036695494188123
8781,0.01865682148330762
8782,46.144008007799584
8783,5.1922232898240726
8784,22.15019715383574
8785,82.23248261044367
8786,1161.7022267099544
8787,0.060682792654640064
8788,24.654590891702778
8789,593.2801368502024
8790,1.5890100026059177
8791,910.1859643930101
8792,0.003719457936150137
8793,0.002341322595396426
8794,4.955745231947266
8795,15097.634095757654
8796,0.7872194916347198
8797,0.86589609052066
8798,0.24884753000591103
8799,0.9073523996364139
8800,543.7734007954324
8801,0.002111472669352815
8802,194.56450240998015
8803,0.055164304624320995
8804,32.73734675099224
8805,717.3155656365183
8806,940.7008789339382
8807,486189.2098100369
8808,1.9512579281883358
8809,0.002275360561897553
8810,981.0232492203005
8811,0.2781466541594274
8812,0.541401533834559
8813,412.11956342620823
8814,0.00121599647758566
8815,7.045811094368072
8816,0.15953500995114892
8817,901.4103394053038
8818,-64.91215362548829
8819,-5.155580902099616
8820,1580225586.2535067
8821,4.33848605573615
8822,29.733295917510986
8823,4.788086293853521
8824,82.5824966430664
8825,19.39698517875348
8826,-33.91184348000073
8827,-31.534563064575195
8828,-141.40367126464844
8829,223.98616790771484
8830,12.46227620439123
8831,267.35284918564395
8832,-0.7792818973157748
8833,25.97381233993297
8834,1580225586.2535067
8835,0.06176680106072696
8836,674.6389274700542
8837,521.638869428486
8838,22.291491288173123
8839,49229.09635778249
8840,-828.7746951051229
8841,100.8534295129651
8842,1.957312410896742
8843,0.9617665165682197
8844,1.0534359778354272
8845,1.782149730433223
8846,0.8103136227276255
8847,1.0534359778354272
8848,0.013647698015232898
8849,6.7398895353873325
8850,0.5967074029187047
8851,0.5606452756205318
8852,0.5967074029187047
8853,0.5606452756205318
8854,0.999077823643866
8855,0.9779802355304668
8856,-0.43387458823903957
8857,0.9865382164383791
8858,0.4985248688435421
8859,0.029281311487902813
8860,44.582982576346225
8861,5.282469601395178
8862,25.70268548096544
8863,100.85342951296502
8864,1053.4254305114437
8865,0.060498867005151315
8866,28.207033938685136
8867,551.4466830345456
8868,2.133773562533062
8869,1135.4457144438347
8870,0.007517283287885627
8871,0.003533208876579353
8872,5.267324590622203
8873,12135.565607661467
8874,0.6941443907763701
8875,0.7876403947057093
8876,0.5050489956848601
8877,0.857536494649933
8878,478.6004501598994
8879,0.0029464819700194315
8880,54.49209694415174
8881,0.05742054472513355
8882,40.58512935779895
8883,771.0653319283456
8884,16639.704952581666
8885,8991585.572181243
8886,33.52257928722037
8887,0.0035626152867430016
8888,174.0432033719705
8889,0.18339642083453161
8890,0.4340114776185975
8891,354.35187631228575
8892,0.0008200752074951072
8893,7.3620245429985625
8894,0.04292563777817984
8895,16096.99662336595
8896,-8.969148234024896
8897,8.976265699020356
8898,1991301973.4003344
8899,2.645009533335224
8900,8.80535932346096
8901,10.251796951838855
8902,79.95915579496408
8903,5.705082671262498
8904,0.02051912084813069
8905,0.05383201335308116
8906,-137.20682471830972
8907,217.16598051327378
8908,3.691752466663045
8909,300.1192373107052
8910,-0.14508901853963058
8911,7.69705855611028
8912,1991301973.4003344
8913,0.19987932245307005
8914,59.244710416190465
8915,812.1826988870239
8916,28.50044063042177
8917,134.8897265493917
8918,-0.6211159178561441
8919,4.674743719064632
8920,5.0444424700340456
8921,-0.03831148681206823
8922,1.656881726226709
8923,2.3790547222112504
8924,2.2910404045070982
8925,1.656881726226709
8926,0.041962545719881034
8927,5.262584715371045
8928,0.5035044934934354
8929,0.4430683099713941
8930,0.5035044934934354
8931,0.4430683099713941
8932,0.9974342246114676
8933,0.9647175742528881
8934,-0.011562359109554193
8935,0.23965197191352877
8936,0.4253406285494816
8937,0.08276527204874698
8938,57.00088126084355
8939,3.1153871057686846
8940,2.429796547274669
8941,4.674743719064635
8942,3399.6389370153124
8943,0.18471598167053824
8944,2.755633631324751
8945,815.250511643761
8946,1.7106153927023202
8947,1393.3406835173882
8948,0.0021749318710218317
8949,0.0012975093111347673
8950,3.4773870760679007
8951,13303.662931061224
8952,0.7227023167242905
8953,0.832465797274916
8954,0.26699853791804784
8955,0.8751032937755032
8956,713.6390379082463
8957,0.00114319505410602
8958,335.37467411545623
8959,0.12490676875808426
8960,9.369680374797568
8961,825.6901303538175
8962,25442.436499068903
8963,20709528.319925513
8964,31.320912073964337
8965,0.0016385322720772044
8966,1254.0532588454375
8967,0.4670589418418762
8968,0.7106413054359579
8969,587.1415453948183
8970,0.0012759024114377797
8971,5.086964366380035
8972,0.1214492491405826
8973,25374.639521723897
8974,-19.694714761726758
8975,19.540064213936773
8976,1995791235.9473622
8977,3.743871261109124
8978,19.08067967588314
8979,4.728814014837799
8980,114.03069866999019
8981,12.430519793214053
8982,-0.0017102765595738917
8983,0.05537151604752516
8984,-86.21940841306557
8985,200.25010708305575
8986,8.032343003672574
8987,300.4573466397205
8988,0.16065998150630237
8989,16.602509231795935
8990,1995791235.9473622
8991,0.09399260498219034
8992,275.6433127918692
8993,343.3898853472181
8994,18.525691839037236
8995,2551.186667895723
8996,16.490825944073475
8997,22.569963172427038
8998,21.862561761387518
8999,0.015080615094501704
9000,3.4616360755450613
9001,3.3225319573145073
9002,9.783822593012678
9003,3.4616360755450595
9004,0.00965544599956357
9005,7.421472916481719
9006,0.3543477646952622
9007,0.26642155597551653
9008,0.3543477646952622
9009,0.26642155597551653
9010,0.987739634606281
9011,0.9263114512720305
9012,-0.01928033388362119
9013,0.361847658873389
9014,0.2723929078466139
9015,0.02531854192367394
9016,37.05138367807455
9017,4.2384166145333335
9018,11.108131233453639
9019,22.56996317242704
9020,1827.5386954981298
9021,0.09066629266177692
9022,11.68024659167952
9023,353.7939095488027
9024,1.3175176936201636
9025,464.60439277467947
9026,0.004343330549962576
9027,0.0033728663641523424
9028,4.238456752221484
9029,16968.3805416314
9030,0.8409904889245668
9031,0.9117687993208162
9032,0.11236873267963864
9033,0.9336740097803821
9034,330.66762722586924
9035,0.00316884185124674
9036,410.068667576171
9037,0.06215987078614082
9038,22.107108827952423
9039,363.18311353645595
9040,374.64696073973016
9041,131200.76458996514
9042,1.080212330193973
9043,0.0038920901437359424
9044,2614.715628315901
9045,0.3963491933175536
9046,0.6542653562870481
9047,240.6073104043152
9048,0.002703152584042555
9049,6.274836004878894
9050,0.2983987696761353
9051,363.4162835647983
9052,-23.01671129054381
9053,22.865733335464363
9054,1997396524.4800394
9055,3.9596733281594734
9056,22.27511139970892
9057,4.378214579292994
9058,121.55514416302637
9059,14.469317368236217
9060,-0.03543009415725057
9061,-0.24520627446311144
9062,-95.96189518356147
9063,217.51703934658784
9064,9.400036239255423
9065,300.5781568167392
9066,0.10983571385231372
9067,19.195967194987652
9068,1997396524.4800394
9069,0.08049724825698173
9070,368.4851565510421
9071,421.1147530665577
9072,20.486273123864013
9073,5244.96156195833
9074,23.162558396065258
9075,32.89324872771539
9076,27.184176584698555
9077,0.09177691026233457
9078,3.801564321423201
9079,3.395728425741102
9080,11.774101906693932
9081,3.801564321423199
9082,0.00758464168629583
9083,7.752091066564878
9084,0.3446763992868374
9085,0.2572916302320154
9086,0.3446763992868374
9087,0.2572916302320154
9088,0.987380233488421
9089,0.9265448523828508
9090,-0.048391865922958965
9091,0.45125041345237293
9092,0.25776237896845194
9093,0.019248572777297558
9094,40.97254624772805
9095,4.49696186484717
9096,15.01935632810348
9097,32.89324872771538
9098,1597.6837197599975
9099,0.07811468191087709
9100,15.466803064217894
9101,435.45879571196724
9102,1.2628796117078347
9103,547.2550777657211
9104,0.0035248772379776246
9105,0.002861850756757968
9106,4.392316692462582
9107,17678.91308890154
9108,0.8636731121218416
9109,0.9251332618891868
9110,0.0926773804591189
9111,0.9439315872746387
9112,411.58155073469266
9113,0.0027199489126104068
9114,435.1625190452006
9115,0.05525171648618596
9116,26.495132576133734
9117,447.8129761300152
9118,104.02285424073133
9119,43642.821356018285
9120,0.25342993672721903
9121,0.00334850101814186
9122,3217.507618080244
9123,0.408520520325069
9124,0.6645809188568221
9125,300.115262235932
9126,0.00243503041574235
9127,6.360585594802107
9128,0.35625113081237564
9129,96.1435567703673
9130,-79.35585272474017
9131,54.94488188588369
9132,1934182648.376471
9133,5.478872424739861
9134,61.561440266216636
9135,4.924182564455554
9136,290.9706494019088
9137,41.7713958565379
9138,-9.679301157266734
9139,-5.966455740105024
9140,-355.51203954727663
9141,646.4826889491854
9142,26.320582177631167
9143,295.7835475800149
9144,-0.49209746969271995
9145,56.58443993259921
9146,1934182648.376471
9147,0.028794599592002403
9148,3201.798842485928
9149,4974.164071394016
9150,70.34726690390644
9151,459119.8853248351
9152,-2630.317233777135
9153,292.82526238946326
9154,191.12124098189037
9155,0.19444646383558406
9156,9.687970606723558
9157,4.68700258419438
9158,90.61641562085103
9159,9.68797060672353
9160,0.0011575553987675517
9161,10.515030471250503
9162,0.20715390972359513
9163,0.12521896321252657
9164,0.20715390972359513
9165,0.12521896321252657
9166,0.9895598416508025
9167,0.9351849780698953
9168,-0.0656154761161633
9169,0.6475849338296552
9170,0.1288704201835348
9171,0.0037758941761329725
9172,140.694533807813
9173,6.038348580618596
9174,120.98662584283845
9175,292.82526238946355
9176,606.3293699588771
9177,0.02841696107662371
9178,130.53590133250503
9179,5106.016810826214
9180,1.1124453001796464
9181,5684.952906745326
9182,0.00029825130244484383
9183,0.00027497201075834323
9184,5.709194641364091
9185,19919.43232294884
9186,0.933253866261919
9187,0.9651257463361669
9188,0.038295291408326756
9189,0.9737755515332874
9190,4971.083460909461
9191,0.0002695283403507716
9192,339.6530320366133
9193,0.02428868936188596
9194,161.51489343083827
9195,5086.876573226545
9196,4.592105263157895
9197,23609.2073083524
9198,0.0010394234978439443
9199,0.00030955537083584157
9200,7587.255720823799
9201,0.5425669136744707
9202,0.7651326860207948
9203,3882.46584641028
9204,0.0002587659735123052
9205,7.0221252444355065
9206,0.6325312104215669
9207,2.092703445978143
9208,-16.75092442961318
9209,17.9998235722248
9210,2001213930.7157807
9211,3.567179931693274
9212,17.12202573446273
9213,5.0871589976971805
9214,134.48152693487697
9215,11.015536409182392
9216,0.5081950263980423
9217,0.4053211777014177
9218,-99.3290023813727
9219,233.81052931624967
9220,7.17873777108863
9221,300.8652508414899
9222,0.0731826417471408
9223,14.653459860693603
9224,2001213930.7157807
9225,0.10527995796348724
9226,214.7238858889586
9227,427.84580881662123
9228,20.643679107047166
9229,2166.033339735309
9230,1.0140155435779468
9231,21.009928403280618
9232,14.272689376993029
9233,0.18889625368437354
9234,2.772508875692646
9235,2.9921847928735765
9236,6.2194301397469545
9237,2.7725088756926453
9238,0.01244485902827706
9239,7.01817330165606
9240,0.4002308558529044
9241,0.31889867341052003
9242,0.4002308558529044
9243,0.31889867341052003
9244,0.9937458781419226
9245,0.9466147758987066
9246,-0.042420607040247554
9247,0.39407142436949905
9248,0.32023555098757145
9249,0.02867413080731596
9250,41.28735821409436
9251,4.1908336503514825
9252,8.820654445068413
9253,21.009928403280625
9254,2027.396549514798
9255,0.10152138564162883
9256,9.143691800257487
9257,433.4873817712426
9258,1.3532440952513396
9259,585.2525444940571
9260,0.0034536950463804864
9261,0.002597294701708056
9262,4.098905354447967
9263,16535.953494104357
9264,0.8271994869857036
9265,0.9033346787101079
9266,0.12548705766664203
9267,0.927282167513508
9268,402.22876933510605
9269,0.002420388165474472
9270,386.44998232591024
9271,0.06830151684798696
9272,18.819013353465177
9273,440.8389890420643
9274,771.6687875574407
9275,332186.02739483916
9276,1.805492058730391
9277,0.0029584116666754316
9278,2134.038176033934
9279,0.37717182326509974
9280,0.6378349002914805
9281,282.8463597180228
9282,0.0019984823850033627
9283,6.2062693668597495
9284,0.25592545684819973
9285,756.4011083759691
9286,-53.62463763130711
9287,38.20513580880706
9288,1929214945.9119415
9289,4.957896308830182
9290,44.205038894436214
9291,4.610482738217759
9292,178.56058109195487
9293,29.05565006132945
9294,-7.176039462271483
9295,-5.491536232837241
9296,-207.74979585302356
9297,386.31037694497843
9298,18.619943760965874
9299,295.4034621361254
9300,-0.39296495659594016
9301,38.9529662157852
9302,1929214945.9119415
9303,0.040694195303356266
9304,1517.3335770081035
9305,1686.9504798775824
9306,40.85320546097341
9307,116127.3378694234
9308,-810.5187997256313
9309,154.18857561977606
9310,82.32663957176365
9311,0.2968580867964846
9312,6.482463397047603
9313,4.150724930053606
9314,38.43381339881474
9315,6.482463397047587
9316,0.0021326651264609326
9317,9.604621816789617
9318,0.2561994119518776
9319,0.16756341483412754
9320,0.2561994119518776
9321,0.16756341483412754
9322,0.9874324043873581
9323,0.9278610216043088
9324,-0.05394229877030361
9325,0.5806625957801825
9326,0.17390626659930541
9327,0.005962007098512309
9328,81.7064109219472
9329,5.610760353284211
9330,59.128803797885034
9331,154.18857561977612
9332,843.0980349947565
9333,0.04006614283241994
9334,62.18707100003792
9335,1747.0483116292942
9336,1.159219059279533
9337,2024.4171769465527
9338,0.0008756278509379051
9339,0.0007746069459335476
9340,5.258893139715107
9341,19138.299466725686
9342,0.9092029145923897
9343,0.9518204339535976
9344,0.054839280672062105
9345,0.9638324743794308
9346,1684.075588727782
9347,0.0007515488200389258
9348,381.8864892881825
9349,0.03298950322116296
9350,82.86757898523695
9351,1754.0357636489289
9352,9.133724948168625
9353,15889.263908085695
9354,0.005852049854886326
9355,0.0008799400691488323
9356,5371.034554250173
9357,0.46398017918539847
9358,0.7083696309715808
9359,1246.4050238657533
9360,0.0006790991750458197
9361,6.884354913575015
9362,0.5236113624027502
9363,5.48633769842426
9364,-56.55269352374202
9365,40.12817392616194
9366,1934050095.3653603
9367,5.02048517233796
9368,45.657489083522236
9369,4.9250272612148
9370,203.85914291463942
9371,30.331286897300128
9372,-7.042211789419544
9373,-5.0343643256965525
9374,-276.0519623953767
9375,479.91110531001607
9376,19.429355939848815
9377,295.7734121174576
9378,-0.440147899763243
9379,40.71419460542102
9380,1934050095.3653603
9381,0.039015224339590024
9382,1657.645642368094
9383,3060.85254029059
9384,54.93924088100721
9385,232849.12303977314
9386,-1364.9689672417114
9387,217.5475289393752
9388,47.41830078169964
9389,0.6420799974112886
9390,5.1259420177255235
9391,3.8410017785872252
9392,20.59355829036345
9393,5.125942017725512
9394,0.0021567403152714403
9395,9.55317935345711
9396,0.28534174840576537
9397,0.19400291368087608
9398,0.28534174840576537
9399,0.19400291368087608
9400,0.9950764890150676
9401,0.9516084335552977
9402,-0.09863742356753348
9403,0.778165969757423
9404,0.1972738549080782
9405,0.005934409406179241
9406,109.8784817620146
9407,5.871752842072174
9408,66.24145743026867
9409,217.54752893937479
9410,811.5880968208518
9411,0.038419964898607634
9412,67.92229288303582
9413,3101.4324556116994
9414,1.146116440400191
9415,3555.488791716736
9416,0.0004711791203746059
9417,0.00042132971760492965
9418,5.302912790289809
9419,19352.884947572773
9420,0.915873846667377
9421,0.9555086220094355
9422,0.05028544917719399
9423,0.966631569381199
9424,2997.9035161198003
9425,0.0004098957948127415
9426,386.9849130862578
9427,0.03173047827863708
9428,89.26537137194273
9429,3098.5830600196787
9430,7.444735979009511
9431,23169.519104624465
9432,0.002624795961499469
9433,0.0004772872916075524
9434,5827.618071498852
9435,0.4778302780828839
9436,0.718575722508933
9437,2225.077977825396
9438,0.0003763014560826173
9439,6.859217275060437
9440,0.551655509317894
9441,4.1587622995178455
9442,697.8387863377046
9443,1071.8402952577612
9444,31161148498.402412
9445,6.917396123821141
9446,197.31050231190272
9447,3.425273805314418
9448,1583.7857296782843
9449,117.3269873210031
9450,877.9362078830317
9451,873.0650839763646
9452,99.53981968147376
9453,1484.2459099968105
9454,81.71662156621838
9455,1187.2221756728488
9456,0.061748451369170995
9457,148.1984634451928
9458,31161148498.402412
9459,0.009743072881129723
9460,21962.784567516148
9461,26560.782993193647
9462,161.31072766675035
9463,25262028.510326333
9464,20241.142914732165
9465,2682.8754124048014
9466,524.5681695878025
9467,0.6726953630317307
9468,17.446030985537625
9469,5.538702273201056
9470,213.88759441798013
9471,17.446030985537448
9472,0.000178615692754446
9473,12.83609529029396
9474,0.12907959117955684
9475,0.06364817872593698
9476,0.12907959117955684
9477,0.06364817872593698
9478,0.9942226099200575
9479,0.946670886339975
9480,-0.12640123917411641
9481,0.9036263657859951
9482,0.06702064829350009
9483,0.00063758135562169
9484,322.621455333502
9485,7.708238789711078
9486,801.8608954981504
9487,2682.8754124048037
9488,211.68854361244695
9489,0.0097260917538555
9490,881.4374227623559
9491,25539.423525675214
9492,1.0480701997126916
9493,26815.151248882965
9494,9.488731744252335e-05
9495,9.285618254915044e-05
9496,7.029506292282779
9497,21105.176912834246
9498,0.9696585937485944
9499,0.9844852542066196
9500,0.01626095483795056
9501,0.9883902916817783
9502,25230.968204620778
9503,9.23654420037503e-05
9504,171.53479975559628
9505,0.00952812307702029
9506,915.9825667745223
9507,25324.56451702494
9508,1.8770204965839026
9509,48518.61384213742
9510,0.00014043569939846932
9511,0.00010340142656551629
9512,12846.514858634671
9513,0.7135763405340594
9514,0.869779223006658
9515,21857.049428476887
9516,9.784230326532095e-05
9517,7.750813782121486
9518,0.8143206079247332
9519,0.36899338701624007
9520,10.0
9521,22108.0
9522,22108.0
9523,14520.576362515823
9524,0.6568018980692882
9525,0.26234124384956864
9526,3.8118291478918906
9527,70.43436661176133
9528,58.69412236331676
9529,65.30696746902278
9530,64.4437739428721
9531,65.6896587402756
9532,41.96962075613423
9533,36.100502299115156
9534,0.6389075778590069
9535,0.54956142247366
9536,247.2150188288847
9537,357.99540565926213
9538,8081328307.692993
9539,5.197967061901547
9540,51.57018007621019
9541,5.4237686223592405
9542,642.5863994131628
9543,34.916346104787316
9544,302.7345446117334
9545,300.6952055745841
9546,126.8845986510609
9547,515.7018007621019
9548,22.360672805184453
9549,604.5979180153308
9550,0.4865701340491738
9551,47.431120587216625
9552,8081328307.692993
9553,0.03544542951130671
9554,2249.711200159085
9555,1354.572717350607
9556,35.88171882913127
9557,427905.3953825258
9558,1942.002088878006
9559,291.258103443707
9560,22.972375755381147
9561,0.8533623309444903
9562,3.3893858002817634
9563,3.3132084467277725
9564,11.252852159590836
9565,3.38938580028176
9566,0.003354656873768129
9567,9.095517915045377
9568,0.37291439475476884
9569,0.28934501343234886
9570,0.37291439475476884
9571,0.28934501343234886
9572,0.9979055600707389
9573,0.9693444190806617
9574,-0.21875667130515844
9575,0.9406753825231464
9576,0.28399590106777
9577,0.012556758377536888
9578,71.76343765826286
9579,6.077238300933619
9580,78.55761979977203
9581,291.25810344370683
9582,684.5762955106293
9583,0.034096901536661194
9584,94.52348039681941
9585,1398.7280110704328
9586,1.3525052440432004
9587,1853.586704862473
9588,0.0014625011510458854
9589,0.0011346641020415016
9590,5.70502240232195
9591,16929.544861155715
9592,0.842597331372499
9593,0.9078405310990788
9594,0.13602977031700328
9595,0.9340724087392409
9596,1312.925843224111
9597,0.0010728974287557273
9598,172.38811383928572
9599,0.024049681060168207
9600,155.00830506305306
9601,1544.6294642857142
9602,160.2421875
9603,193742.64425223213
9604,0.14050851075471255
9605,0.001415060015331334
9606,2836.7723214285716
9607,0.39575506716358416
9608,0.6535486078843808
9609,1063.7069147140135
9610,0.0010148057259146725
9611,7.631645408450311
9612,0.3242265243350823
9613,150.72950682348133
9614,-15.032578182220458
9615,22.880641174316395
9616,2050210467.8481565
9617,3.733861537436768
9618,19.291016578674316
9619,5.583838949793634
9620,127.64871215820312
9621,12.476970252736407
9622,4.056817877998093
9623,3.5028367042541504
9624,-98.23321533203125
9625,225.88192749023438
9626,8.026225691757755
9627,304.5260822753396
9628,0.5625456991336335
9629,16.899298443214114
9630,2050210467.8481565
9631,0.09495313055841238
9632,285.58628787281896
9633,462.66237163042877
9634,21.32203680128694
9635,7870.216882867025
9636,143.85053962220817
9637,38.00019036705988
9638,5.8705805709944805
9639,0.731822049129572
9640,1.710751847976526
9641,2.440030426299632
9642,2.8857624218374873
9643,1.7107518479765265
9644,0.01533513295040588
9645,6.770160418108502
9646,0.5087540568554372
9647,0.4502298522072255
9648,0.5087540568554372
9649,0.4502298522072255
9650,0.997273900745988
9651,0.9653101112302059
9652,-0.1709695154578454
9653,0.8359816033122848
9654,0.4187851898072208
9655,0.03499856444640225
9656,42.64407360257387
9657,4.593996790041142
9658,10.967692734513586
9659,38.000190367059865
9660,1688.1022375297189
9661,0.0917998101145354
9662,12.33342142851728
9663,468.3271848204498
9664,1.7572005854864654
9665,810.3238387913954
9666,0.004239145255466765
9667,0.002450663806445062
9668,4.552729479354304
9669,13386.70491789075
9670,0.7253963576596353
9671,0.8315019971886256
9672,0.29657009950019675
9673,0.8756204377592678
9674,411.66795031473913
9675,0.002156692540771211
9676,164.14155571128242
9677,0.05751280858839608
9678,26.524531453221346
9679,491.38472319551505
9680,5341.899789768746
9681,2462403.415557113
9682,11.765906082303815
9683,0.0029876352068790905
9684,879.7386124737211
9685,0.3082475867111847
9686,0.5747245031315321
9687,275.4710649767715
9688,0.0019515938440013913
9689,6.85202131653545
9690,0.1290935407997105
9691,5281.89430146111
9692,-46.41929893493652
9693,27.75175399780273
9694,1942986615.433015
9695,4.666130681535066
9696,33.78435039520264
9697,5.031772679917542
9698,126.67669677734375
9699,23.870055625138914
9700,-5.395724252036361
9701,-3.489404559135437
9702,-190.77725219726562
9703,317.4539489746094
9704,14.523949771136074
9705,296.45595358349493
9706,-0.1728145386602789
9707,33.08251994810992
9708,1942986615.433015
9709,0.052342131554198354
9710,1094.4531261170907
9711,1529.6395396016424
9712,38.60002764139432
9713,135714.56367744462
9714,-337.6679466515587
9715,164.11699500499594
9716,5.41017893649533
9717,0.9359723233534026
9718,1.6152388904179422
9719,2.3814027920242933
9720,2.724640094082944
9721,1.6152388904179433
9722,0.009216750982970475
9723,7.664601000758289
9724,0.5281428515493811
9725,0.4737887545496957
9726,0.5281428515493811
9727,0.4737887545496957
9728,0.9987294367877435
9729,0.9763409650913119
9730,-0.34706153086317404
9731,0.9775351691883468
9732,0.42111439581467547
9733,0.02593023282603974
9734,77.20005528278871
9735,5.605259197781947
9736,42.38179348537281
9737,164.11699500499589
9738,920.3057649103854
9739,0.050259946444862716
9740,46.96548688079371
9741,1517.4404894398385
9742,1.8652099860188305
9743,2848.9160192799336
9744,0.0014587804876589536
9745,0.0008455299729125924
9746,5.478396350168112
9747,13681.481320278275
9748,0.7453132433347144
9749,0.8276050437711363
9750,0.3911124883187772
9751,0.8853990004524298
9752,1342.0831868695402
9753,0.0007619787775070912
9754,95.1759162303665
9755,0.03322021508913316
9756,84.42066266135187
9757,1513.3134380453753
9758,3253.896684118674
9759,5216800.354275742
9760,2.0664683770994863
9761,0.0013339802341141252
9762,890.4541012216405
9763,0.31080422381209094
9764,0.5765155638261822
9765,850.964966508285
9766,0.0009593523220899426
9767,7.53543223463673
9768,0.1295910982449792
9769,3194.3510863798206
9770,-76.83256225585936
9771,8.673054695129387
9772,1632771893.5447326
9773,4.7383796575545025
9774,33.786855697631836
9775,4.443136366805715
9776,108.66709899902344
9777,25.147954905598716
9778,-30.51341051188816
9779,-28.637800216674805
9780,-185.941162109375
9781,294.60826110839844
9782,14.797875514857273
9783,271.7615619449962
9784,-0.4469264907791255
9785,35.09023563400334
9786,1632771893.5447326
9787,0.05077252633084442
9788,1231.3246368498778
9789,1106.8059351245256
9790,32.573076388656645
9791,155865.62947859056
9792,-1140.9079659743038
9793,186.23830357919974
9794,3.045018982421526
9795,0.9676715511287007
9796,1.2138243178548138
9797,2.037657357969524
9798,1.5188279745412694
9799,1.2138243178548134
9800,0.012222772310196094
9801,7.328367098073732
9802,0.5862570931157546
9803,0.545860774701709
9804,0.5862570931157546
9805,0.545860774701709
9806,0.9991584796221481
9807,0.9805673598807185
9808,-0.4403388304160478
9809,0.9909229177868998
9810,0.46000830129597475
9811,0.04401869919579805
9812,65.14615277731335
9813,5.676438145181447
9814,47.32083064040536
9815,186.2383035791998
9816,813.8299998462589
9817,0.046434703194952215
9818,54.24268818886932
9819,1091.9690743053845
9820,2.205772856353772
9821,2448.545666499543
9822,0.002644143032696902
9823,0.0014008603458427768
9824,5.686443305870305
9825,12573.911693183221
9826,0.7147579181244963
9827,0.7914260065969839
9828,0.5869977050105102
9829,0.8680043715804737
9830,943.6851032489665
9831,0.001254553370410318
9832,51.40046296296296
9833,0.029745638288751715
9834,97.30475004203187
9835,977.7592592592592
9836,7169.3287037037035
9837,7892866.814236111
9838,6.663962589786922
9839,0.00295351016522309
9840,352.275462962963
9841,0.20386311514060357
9842,0.4544185584202425
9843,430.60841533000337
9844,0.0017455575641807611
9845,8.075603218871503
9846,0.07816175140220735
9847,7005.6427415552125
9848,-1.1690024739478049
9849,1.1580239973281732
9850,1989809723.044755
9851,1.0517746301909563
9852,1.1273557847115336
9853,723.1888560909663
9854,61.74235923513958
9855,0.7981893593037352
9856,0.0030715442082584945
9857,-0.0022503227918931378
9858,-84.64963365936502
9859,146.3919928945046
9860,0.47790530267031045
9861,300.0067639190414
9862,-2.103404676162241
9863,1.4884425471332343
9864,1989809723.044755
9865,0.49495735427664683
9866,2.2154612161164704
9867,306.31542071086415
9868,17.502328091416626
9869,7.7251480790806255
9870,0.007181112632249152
9871,0.5319107390566713
9872,0.5961879963422133
9873,-0.057182523559264425
9874,0.5404118746134602
9875,1.0187573522085704
9876,0.2960790159663409
9877,0.5404118746134602
9878,0.2549274750017373
9879,2.05444135337703
9880,0.7332981037614889
9881,0.7326948061309909
9882,0.7332981037614889
9883,0.7326948061309909
9884,0.9993472204360653
9885,0.982612342074002
9886,-0.03337084694978169
9887,0.2506870562921703
9888,0.5278719109905828
9889,0.2925518956735949
9890,35.00465618283326
9891,1.4887104392822827
9892,0.2820246838497211
9893,0.5319107390566714
9894,6657.298632471904
9895,0.4918668353892025
9896,0.32636890844635036
9897,306.5713043800721
9898,3.7211121406804564
9899,1140.8511491595139
9900,0.012252776124814584
9901,0.003348441025336888
9902,2.6416181296169423
9903,5934.4972759213215
9904,0.43551083894093645
9905,0.6121522317017158
9906,1.0066635591403204
9907,0.6766466567611442
9908,207.4479884794139
9909,0.002290158662183301
9910,26.686567164179106
9911,0.19915348629984406
9912,7.415738471820005
9913,325.7985074626866
9914,1618804.552238806
9915,496160378.8208955
9916,5298.897128566232
9917,0.010669483993858513
9918,75.91044776119404
9919,0.5664958788148808
9920,0.7785147795477929
9921,258.7004065275026
9922,0.009923903013048742
9923,3.9139790091557307
9924,0.006061154333273023
9925,1591584.4773891733
9926,-7.348884962844416
9927,7.421577455851997
9928,1990956919.1425512
9929,2.4161401600490358
9930,6.810620970956734
9931,9.815485390849618
9932,79.59704661695778
9933,4.774877367250993
9934,0.016160573026668654
9935,0.08295884173345994
9936,-73.37451082531345
9937,152.97155744227123
9938,2.9088900961032778
9939,300.09323374405005
9940,0.004008482660047403
9941,6.800906849894146
9942,1990956919.1425512
9943,0.2443421326017394
9944,46.25233398093711
9945,240.05229201339745
9946,15.494958153692648
9947,100.2438993963189
9948,-0.6419102643190409
9949,3.5811456577650858
9950,3.7479577399617336
9951,-0.022638300447463927
9952,1.3279412266537816
9953,2.168496883964559
9954,1.9788448626554789
9955,1.327941226653782
9956,0.06808070256426846
9957,4.71910830475107
9958,0.5685622311652883
9959,0.5247053427243088
9960,0.5685622311652883
9961,0.5247053427243088
9962,0.9962140753551473
9963,0.960593877648354
9964,-0.02341793307188959
9965,0.3244346215054823
9966,0.4555822966354052
9967,0.1251053755204973
9968,30.989916307385307
9969,2.872287370524155
9970,1.8322758494317035
9971,3.5811456577650835
9972,3638.9834626966845
9973,0.21664670963090102
9974,2.327459050391911
9975,242.64068220073653
9976,2.425630213575126
9977,586.8660965280112
9978,0.010340504657463615
9979,0.0043623570592191945
9980,3.5562913841842767
9981,10743.49064929118
9982,0.6303955257329107
9983,0.7586985567354663
9984,0.5717560545308303
9985,0.8169711029748028
9986,198.47824259518026
9987,0.0035922380359998097
9988,234.3305912596401
9989,0.12047845308978926
9990,8.691126809894199
9991,249.93830334190233
9992,46219.46426735219
9993,11143099.075578406
9994,192.53435718794924
9995,0.005245348018113468
9996,595.1964010282776
9997,0.30601357379345895
9998,0.5706004221495025
9999,143.82862061023445
10000,0.0033142204072024676
10001,5.851663759554429
10002,0.08797720282250769
10003,46090.26510424859
10004,-2.4672305254208706
10005,2.316761288532366
10006,1988885671.8835592
10007,1.3585163973010903
10008,1.8778513774390797
10009,24.461327586673402
10010,52.66150633874116
10011,1.5906609768453226
10012,-0.07381627730242828
10013,-0.021253039640234478
10014,-39.96705534392294
10015,92.6285616826641
10016,0.8354410197804182
10017,299.9370955010806
10018,-0.22781304096358856
10019,2.558432168929334
10020,1988885671.8835592
10021,0.44549203232096246
10022,6.5455751630124555
10023,72.05603428989102
10024,8.485547684327493
10025,5.520994603109698
10026,-0.17137198037781043
10027,0.9049136332838033
10028,0.6988556329873489
10029,0.12802321673314826
10030,0.5516252091577418
10031,1.2005400134985895
10032,0.37464569589547836
10033,0.5516252091577418
10034,0.2195880338430936
10035,2.5871786112920314
10036,0.7431803065265414
10037,0.7377021163295795
10038,0.7431803065265414
10039,0.7377021163295795
10040,0.9980897163578535
10041,0.9727489991607795
10042,-0.07069766325131455
10043,0.3304711355962495
10044,0.466811162772725
10045,0.26569921350362075
10046,16.971095368654986
10047,1.8728902564557663
10048,0.40094231656778795
10049,0.9049136332838031
10050,5655.722984533724
10051,0.41775469992273356
10052,0.5167468515290936
10053,72.43425747698733
10054,3.97073740628267
10055,287.43626972442337
10056,0.05604878866693045
10057,0.014362270004756077
10058,3.028593770510075
10059,6110.452556018365
10060,0.44415692570927867
10061,0.6118425630819333
10062,1.1419651166340943
10063,0.6825899818050866
10064,49.47173529826232
10065,0.009899743766049927
10066,186.6515373352855
10067,0.273281899466011
10068,3.430867608882524
10069,73.49487554904832
10070,284510.58565153735
10071,20580392.610541727
10072,3987.989651945672
10073,0.01800814288426974
10074,246.41142020497804
10075,0.36077806765004106
10076,0.6172951828625695
10077,45.66322985787868
10078,0.010836019606029482
10079,4.167598354827154
10080,0.030893794101682647
10081,283462.83604972466
10082,-19.91083526191037
10083,25.32106575463606
10084,2025284568.38045
10085,3.9791718059203127
10086,21.157539756880578
10087,7.892506651880797
10088,188.9449555500551
10089,14.704652954190413
10090,1.9650463413485761
10091,0.5458634192544515
10092,-120.81548549450743
10093,309.7604410445625
10094,9.070629822843948
10095,302.66924878869764
10096,0.761430760218347
10097,20.634557188894302
10098,2025284568.38045
10099,0.08329219415950692
10100,425.7849503817495
10101,675.9379854893801
10102,25.908215563993537
10103,12616.205810527677
10104,194.60733733398013
10105,40.9388765611224
10106,22.13071827700524
10107,0.2926785581046608
10108,3.193610119485961
10109,3.1930303131513056
10110,11.269360100293076
10111,3.1936101194859594
10112,0.009619125159377325
10113,7.5853086152548
10114,0.39171087140681393
10115,0.3122250208464553
10116,0.39171087140681393
10117,0.3122250208464553
10118,0.9946696738628525
10119,0.9540619002115345
10120,-0.06901180288778708
10121,0.5379012428311785
10122,0.30768235735989835
10123,0.026335186123394305
10124,51.81643112798719
10125,4.608889950035224
10126,15.76739870953188
10127,40.938876561122335
10128,1554.6734327857023
10129,0.07942642167672907
10130,18.385322158580717
10131,690.8251707402628
10132,1.4768875546141655
10133,1005.8125670670524
10134,0.0024415547333096724
10135,0.001686003095422738
10136,4.5898841488964335
10137,15831.411453645744
10138,0.8050013933741652
10139,0.8849459297713316
10140,0.1836551881879998
10141,0.9153735197498266
10142,634.498095837932
10143,0.0015520973854514348
10144,275.0726612170754
10145,0.04996778587049507
10146,37.77334993124077
10147,732.7589464123524
10148,452.022161671208
10149,284159.3547683924
10150,0.7264406251915182
10151,0.0019382734739546307
10152,1877.9198910081743
10153,0.3411298621268255
10154,0.6050830539231414
10155,455.91983064690555
10156,0.001279603026109136
10157,6.90329988597942
10158,0.24900488510946264
10159,435.894022393976
10160,-2.293038588655048
10161,2.1155344563206175
10162,1989306013.8387313
10163,1.324500873266533
10164,1.8281654156352176
10165,179.838084001277
10166,95.48956134959822
10167,1.5289628854986097
10168,-0.04421144108127057
10169,-0.031571660148473735
10170,-47.9599941016694
10171,143.44955545126763
10172,0.7992222869876168
10173,299.968788998156
10174,5.1004519426131
10175,2.7927196453406684
10176,1989306013.8387313
10177,0.45288373973724866
10178,7.7992830174717085
10179,110.05576064403807
10180,10.488084689248813
10181,44.33360805035813
10182,1.7244028305765176
10183,0.9981892673968962
10184,0.7748316907128231
10185,0.12277789840588857
10186,0.5316389774590231
10187,1.162168786252483
10188,0.47467227795715206
10189,0.531638977459023
10190,0.2270039357081233
10191,2.5089860895653606
10192,0.7525345324011884
10193,0.7484302563066696
10194,0.7525345324011884
10195,0.7484302563066696
10196,0.9991797991387721
10197,0.983049993585672
10198,-0.08033304440744918
10199,0.3692794527173704
10200,0.45884837049454497
10201,0.27054543760501715
10202,20.97616937849764
10203,1.8516517120748224
10204,0.44325523952742996
10205,0.9981892673968962
10206,5719.993648490193
10207,0.42826331163933634
10208,0.6096792411888781
10209,110.63903372052734
10210,4.062273886233258
10211,448.2870902301117
10212,0.03736713221703214
10213,0.009317686148947396
10214,3.022178676530722
10215,5895.639818021534
10216,0.43381229361073015
10217,0.6035928518740169
10218,1.1637052750672092
10219,0.6725314309181181
10220,74.53760342820419
10221,0.006315419343335591
10222,138.00924214417745
10223,0.25510026274339637
10224,6.173478975403255
10225,117.49353049907579
10226,365794.8909426987
10227,40293559.329020336
10228,3351.0123804027717
10229,0.012171305149905005
10230,178.74121996303143
10231,0.33039042507029837
10232,0.5857958863017859
10233,71.1923766957194
10234,0.007893831955949948
10235,4.51576329818952
10236,0.024470779808214223
10237,364124.93743017135
10238,-17.790871646809897
10239,19.84992083656774
10240,2006905295.119992
10241,3.7361485137033963
10242,17.51639483421907
10243,7.532908593914908
10244,152.370527329611
10245,12.293771817927627
10246,0.7910814763774922
10247,0.37694602206314803
10248,-130.19577481210467
10249,282.5663021417157
10250,7.500973869915406
10251,301.292770865828
10252,0.29504316331457103
10253,17.379846957886546
10254,2006905295.119992
10255,0.09920034890318688
10256,302.0590802795582
10257,769.1795663201319
10258,27.657844441052838
10259,6848.598185003754
10260,48.03875673251294
10261,30.91379640392033
10262,14.022310209407667
10263,0.3717935169021283
10264,2.580365013048479
10265,2.9215979998587165
10266,7.004241286012823
10267,2.5803650130484783
10268,0.013303626978554544
10269,7.1061414897993584
10270,0.4281828659216284
10271,0.353386438231172
10272,0.4281828659216284
10273,0.353386438231172
10274,0.9959781629041776
10275,0.9591413692673606
10276,-0.07232400808589973
10277,0.5478896302131606
10278,0.344406678652587
10279,0.03486195535243929
10280,55.315688882105775
10281,4.41473028127636
10282,11.234026653332005
10283,30.91379640392035
10284,1809.438294231431
10285,0.09425417499201873
10286,13.170538187091488
10287,778.4730836625859
10288,1.5690808826537543
10289,1215.1167417969882
10290,0.0022093077741528813
10291,0.0014452331193420829
10292,4.421608080746155
10293,15023.306500451294
10294,0.7782323965593073
10295,0.8677680199301328
10296,0.219860696352862
10297,0.902042923566699
10298,703.2500400949629
10299,0.0013132094115214212
10300,243.50319343065692
10301,0.05554361164020459
10302,30.008627091214233
10303,800.4256386861314
10304,2742.3964416058393
10305,2069974.4108120438
10306,3.6456641525604025
10307,0.0017475399285575206
10308,1422.0296532846714
10309,0.32436807784778093
10310,0.5891099110832452
10311,476.085511783233
10312,0.0011609945315295563
10313,6.837323317484434
10314,0.1982992581870816
10315,2716.9657705192067
10316,-8.255875071606457
10317,11.966788835162479
10318,2009468498.0538201
10319,2.8161778637388704
10320,6.303896033373032
10321,18.16662287533158
10322,124.63369577574836
10323,6.6478757544901415
10324,1.2677204208383042
10325,0.20295769821423715
10326,-82.51813755441158
10327,207.15183333015995
10328,3.0514094141270127
10329,301.48511379495886
10330,1.6001791252842479
10331,11.447028976590662
10332,2009468498.0538201
10333,0.21808419457302375
10334,131.03447239090627
10335,319.8838993638935
10336,17.76650763278596
10337,6201.189257899992
10338,141.59737041621005
10339,18.569185784469855
10340,1.6287830630981293
10341,0.838372823929489
10342,0.7438727825001423
10343,1.6645946190568517
10344,1.063540379016914
10345,0.7438727825001414
10346,0.09646089089682645
10347,4.733209802330577
10348,0.7212875601623181
10349,0.7015178053909087
10350,0.7212875601623181
10351,0.7015178053909087
10352,0.9990859060448614
10353,0.9831436044880414
10354,-0.30251512749645526
10355,0.897987669866497
10356,0.37819961858586026
10357,0.2036133242178677
10358,35.53301526557195
10359,3.6439199024965747
10360,5.049492211891997
10361,18.56918578446986
10362,2932.190111929509
10363,0.17909970681241255
10364,6.822989538747903
10365,324.48053671884134
10366,2.79977547266804
10367,879.8175747338239
10368,0.009494210809112882
10369,0.003548024014909956
10370,4.110701583054331
10371,10281.310688660542
10372,0.617664474959989
10373,0.734954976270337
10374,0.8106805380981482
10375,0.8087778576882092
10376,264.90823710833297
10377,0.0029139865267293406
10378,178.8344003414426
10379,0.07632710215170405
10380,24.305314966403134
10381,364.9543320529236
10382,35893.002987622705
10383,10997138.3026035
10384,117.54915485800062
10385,0.004507916302857751
10386,668.1907810499359
10387,0.2851859927656577
10388,0.5506277164936875
10389,206.86388368366016
10390,0.0025911348560820084
10391,6.645090770889556
10392,0.10597973584222906
10393,35803.969305505685
10394,701.8350555465207
10395,1010.7629404349739
10396,30018268795.27188
10397,6.709107240254955
10398,145.51330450272872
10399,5.274608472265437
10400,1768.6475863922112
10401,98.36583773170665
10402,857.6006474494037
10403,852.5367382212897
10404,390.42681002734963
10405,1378.2207763648616
10406,62.054687359864914
10407,1165.2472672887948
10408,0.4744977618113436
10409,133.27390948240995
10410,30018268795.27188
10411,0.01221539660116796
10412,17761.9349487256
10413,9286.543688086507
10414,93.50697735205082
10415,26746532.885977857
10416,42604.561249705555
10417,2321.011188736747
10418,149.18372569738904
10419,0.8787817621607011
10420,8.683449007807045
10421,4.584314711323512
10422,72.07401172292495
10423,8.683449007806992
10424,0.00047461670494392314
10425,11.757451348506638
10426,0.2180396174090352
10427,0.13413202758486537
10428,0.2180396174090352
10429,0.13413202758486537
10430,0.9980650233305619
10431,0.9703311470626974
10432,-0.2225564976449564
10433,0.9715297179878752
10434,0.14062904998754164
10435,0.0017994270397333168
10436,187.01395470410205
10437,7.566317402213983
10438,617.5487286085331
10439,2321.011188736748
10440,257.1374106874589
10441,0.01205845477384493
10442,724.2117999569363
10443,9574.79896605232
10444,1.1175766546711552
10445,10620.764894479527
10446,0.00025229785395720656
10447,0.00023474935225284877
10448,6.938761113152414
10449,19922.343729482534
10450,0.9341217096936868
10451,0.9645064090965997
10452,0.04223556537908764
10453,0.9740820626246699
10454,9343.885777628559
10455,0.0002308134775758653
10456,144.990418990419
10457,0.010366825324640283
10458,902.0181625365024
10459,9901.48283998284
10460,5.014443014443015
10461,45060.104747604746
10462,0.0008359622790513106
10463,0.00027525318528938593
10464,7892.210925210925
10465,0.5642936454462266
10466,0.7795221849862408
10467,7898.919519486064
10468,0.00023485719865803034
10469,8.18490571677658
10470,0.6326216754116157
10471,2.515755975787436
10472,10.0
10473,22108.0
10474,22108.0
10475,14520.576362515823
10476,0.6568018980692882
10477,0.26234124384956864
10478,3.8118291478918906
10479,70.43436661176133
10480,58.69412236331676
10481,65.30696746902278
10482,64.4437739428721
10483,65.6896587402756
10484,41.96962075613423
10485,36.100502299115156
10486,0.6389075778590069
10487,0.54956142247366
10488,353.7336846765126
10489,544.0936180815436
10490,12783600564.153511
10491,5.941292150765701
10492,90.38407690742736
10493,5.547580326600038
10494,763.9667194563468
10495,60.51481681850457
10496,455.97075338533364
10497,465.8837229616471
10498,-6.326964554708639
10499,770.2936840110555
10500,38.50303633399497
10501,760.4170887824112
10502,-1.0849383932159542
10503,82.11192933020416
10504,12783600564.153511
10505,0.020875655764786963
10506,6742.368938328443
10507,9088.012807888583
10508,94.39435481702789
10509,4115670.028321542
10510,-26552.00671424139
10511,840.9196780796758
10512,130.21356673952945
10513,0.7310513917685185
10514,8.12874705016634
10515,4.486149351271994
10516,63.00567609311417
10517,8.128747050166323
10518,0.0008017180989510538
10519,10.96701348008825
10520,0.22099962147403943
10521,0.13472463567832912
10522,0.22099962147403943
10523,0.13472463567832912
10524,0.9947877058199808
10525,0.9522358182763204
10526,-0.13414303704681885
10527,0.885093867534075
10528,0.13930277821910975
10529,0.002710130013008118
10530,188.78870963405586
10531,6.77103255935555
10532,242.783311204801
10533,840.9196780796755
10534,438.8680206723144
10535,0.020643706559902348
10536,274.0425006576895
10537,9028.181555891182
10538,1.1271221469890582
10539,10240.124561148172
10540,0.00021621676352148202
10541,0.000201496499487225
10542,6.18725599030859
10543,19735.936474820563
10544,0.9281228611637122
10545,0.9615732557654019
10546,0.0449711245719521
10547,0.9716463817138282
10548,8758.553978822016
10549,0.00019820176664273463
10550,240.07706120005986
10551,0.017961773245552884
10552,333.0724063150623
10553,8776.504339368546
10554,5.416280113721383
10555,51238.3687715098
10556,0.000745569563432877
10557,0.0002507333738109836
10558,7092.605416729014
10559,0.5306453252079166
10560,0.756845253552517
10561,6520.060227170977
10562,0.00022027377224709407
10563,7.543614756432167
10564,0.6045775284964718
10565,2.6804067055017917
10566,-54.96394386291504
10567,23.283361244201657
10568,1840853025.4905827
10569,4.725722054714459
10570,38.187191009521484
10571,5.000635164463181
10572,163.48886108398438
10573,25.085069577616856
10574,-13.403871111262415
10575,-10.092638492584229
10576,-200.19674682617188
10577,363.68560791015625
10578,16.118956361899723
10579,288.55913660149713
10580,-0.5476667366526455
10581,33.60110447874613
10582,1840853025.4905827
10583,0.048100801535852306
10584,1129.0342221916133
10585,1529.0653983613415
10586,38.76051714198243
10587,97987.23139808359
10588,-1083.2924008436744
10589,139.71986112798325
10590,32.982684291381744
10591,0.6170099591159448
10592,4.1113050575746675
10593,3.5487209759735467
10594,15.693142288600143
10595,4.111305057574666
10596,0.003543779785259355
10597,8.902034398723112
10598,0.32914500117211665
10599,0.24031465790148196
10600,0.32914500117211665
10601,0.24031465790148196
10602,0.9941974227829984
10603,0.949633586622552
10604,-0.1022385908771252
10605,0.7667083297923074
10606,0.2479165733932708
10607,0.010214922217139374
10608,77.52103428396516
10609,5.529284503652384
10610,43.17563635484119
10611,139.7198611279832
10612,963.8618541010071
10613,0.04711041122943133
10614,46.65824952924922
10615,1550.398673873133
10616,1.2687031875422148
10617,1973.583899619852
10618,0.0010369998443293617
10619,0.0008488572969422359
10620,5.151424311748968
10621,17730.428496799082
10622,0.8657365930672364
10623,0.9253211507146725
10624,0.09778626268638882
10625,0.9447557045167859
10626,1463.6014408510355
10627,0.0008097597430289613
10628,298.85766423357666
10629,0.03635738007707745
10630,68.73937383348851
10631,1543.9254257907542
10632,43.691240875912406
10633,71903.50133819951
10634,0.027882651091685782
10635,0.0010336413528982719
10636,3137.860097323601
10637,0.3817348050272021
10638,0.6415058528035614
10639,1003.8157752201836
10640,0.0007395287728975804
10641,7.14609670832412
10642,0.371811109100778
10643,36.457627766825915
10644,-115.57509002685546
10645,5.171410560607908
10646,1476808386.1090887
10647,5.202381910007392
10648,58.68805742263794
10649,3.8500025198991445
10650,119.7701416015625
10651,37.5419937195053
10652,-46.081109306026704
10653,-36.75770568847656
10654,-305.3797607421875
10655,425.14990234375
10656,25.13232741556393
10657,258.45643342101056
10658,-0.8023431478437388
10659,48.217475311875525
10660,1476808386.1090887
10661,0.033787409368467296
10662,2324.9249254513256
10663,2900.702792592062
10664,53.06566662134455
10665,470424.31036978035
10666,-5585.665928084742
10667,351.707880878765
10668,12.77053276750615
10669,0.92988497360462
10670,2.537896894979839
10671,2.9167122890903467
10672,6.134807889567032
10673,2.537896894979841
10674,0.0038612602808129302
10675,8.821597129699231
10676,0.427430492855695
10677,0.35193450774449964
10678,0.427430492855695
10679,0.35193450774449964
10680,0.9982906293489148
10681,0.9720801367937945
10682,-0.2961450038633699
10683,0.9736298190061438
10684,0.3435704304953559
10685,0.01183962358900777
10686,106.1313332426892
10687,6.142148034677545
10688,91.11960341156785
10689,351.70788087876485
10690,647.0026807944897
10691,0.03289275412481256
10692,95.52532834901464
10693,2915.3358586703716
10694,1.4705357306947433
10695,4374.168029162333
10696,0.0006651169517428786
10697,0.0004904239536149116
10698,5.764630560303532
10699,16250.632008859642
10700,0.8250213083790949
10701,0.889343920056783
10702,0.20026725787393396
10703,0.9252559524520897
10704,2689.2331076666205
10705,0.00046098056254284916
10706,137.01979458450046
10707,0.02558726322773118
10708,127.09038421946023
10709,2811.5880485527546
10710,309.0293183940243
10711,1035309.529598506
10712,0.09565324044107253
10713,0.0007004142718268216
10714,1825.2330532212886
10715,0.34084650853805576
10716,0.6045758612837698
10717,1726.9638826102346
10718,0.0004892442704080159
10719,7.745866301217955
10720,0.2422200108557988
10721,291.9849873195466
10722,-131.43165130615233
10723,-18.920762062072757
10724,1198549094.0568514
10725,5.165395603168931
10726,52.84542274475098
10727,4.510279616639058
10728,62.677093505859375
10729,34.83036761861737
10730,-71.85574744363817
10731,-67.10093688964844
10732,-273.17108154296875
10733,335.8481750488281
10734,22.275520021068687
10735,232.8376385669986
10736,-0.8910788860400176
10737,46.51414794398858
10738,1198549094.0568514
10739,0.034701208885282435
10740,2163.5659589552574
10741,1751.9408265463342
10742,40.887087774444424
10743,507266.4939631592
10744,-5687.225884764599
10745,327.97345621125834
10746,7.2491395511854275
10747,0.9566614525878564
10748,1.9775442843542748
10749,2.582771132088517
10750,3.2380224694255975
10751,1.9775442843542734
10752,0.004668420189099778
10753,8.443350331263355
10754,0.4705919743248228
10755,0.4027442114434088
10756,0.4705919743248228
10757,0.4027442114434088
10758,0.998443272638564
10759,0.9723785953562647
10760,-0.3551890488147367
10761,0.9853091955083286
10762,0.38913293593150144
10763,0.012885943759175594
10764,81.77417554888896
10765,6.109174070548746
10766,83.80564894061087
10767,327.9734562112584
10768,650.6369918155277
10769,0.03380547315257917
10770,89.63868670612466
10771,1771.7083345127826
10772,1.612084898487086
10773,2900.526664406357
10774,0.0022517128299479904
10775,0.0014271808541668556
10776,5.785201562667098
10777,15642.980531752908
10778,0.8116161859601305
10779,0.8702523277337808
10780,0.28463051097219627
10781,0.91819226904054
10782,1625.322813625608
10783,0.0012667729376734512
10784,94.28314420149461
10785,0.026095528425545144
10786,124.20206853161714
10787,1738.8715748685304
10788,743.7431497370607
10789,1364550.9338499862
10790,0.4727862239727914
10791,0.0013864799594153986
10792,929.030445613064
10793,0.2571354679250108
10794,0.5186335547282991
10795,917.8099457439697
10796,0.0004652454669504417
10797,8.045374060248207
10798,0.1634250045232495
10799,706.3008092145648
10800,-4.128460684878259
10801,4.219742169686356
10802,1990628131.3620567
10803,1.7683362775090443
10804,3.487986915652252
10805,102.38224559434477
10806,117.36458999580213
10807,2.738559617117113
10808,0.03631789387691478
10809,-0.0036422278588386023
10810,-147.87400303271153
10811,265.23859302851366
10812,1.5252564706676814
10813,300.0684539356241
10814,-0.16519904912639272
10815,4.3914680916750095
10816,1990628131.3620567
10817,0.3676874719557713
10818,19.28499200019975
10819,930.4332368244854
10820,30.5042192313205
10821,90.92885084898822
10822,0.28597854802024264
10823,1.4867066463414949
10824,1.7834048766026622
10825,-0.09081795949860819
10826,0.8773880336081528
10827,1.676213931693687
10828,1.0085520487447348
10829,0.8773880336081528
10830,0.14867199097091632
10831,3.4423008223950657
10832,0.6525870545696235
10833,0.631741055466402
10834,0.6525870545696235
10835,0.631741055466402
10836,0.9993994021905814
10837,0.9843210439650758
10838,-0.03492285794637891
10839,0.33523352902267767
10840,0.5091833363418443
10841,0.21059977285144021
10842,61.008438462641024
10843,2.1764790034921697
10844,0.8175278807360397
10845,1.486706646341495
10846,5157.947756375808
10847,0.32924888119590084
10848,1.1250744083321556
10849,931.9429199899713
10850,2.65243668769475
10851,2469.310698795064
10852,0.0029202133533464234
10853,0.0011418845734037263
10854,3.0942604714584268
10855,8761.376379598303
10856,0.5569564438288056
10857,0.7079129030911189
10858,0.634122849489599
10859,0.7724052207085872
10860,720.155897997624
10861,0.0008969704938232904
10862,490.92689033550323
10863,0.24583219345793852
10864,5.583336948336877
10865,938.3244867300951
10866,78611.00851276916
10867,73128338.9394091
10868,84.5961831977702
10869,0.0015885381996540516
10870,950.9739609414121
10871,0.4762012823942975
10872,0.7169434168937898
10873,673.5368201979483
10874,0.0012823147695614253
10875,3.9964726069931515
10876,0.09032929256377782
10877,78488.4501975798
10878,-28.918234716813483
10879,28.948908354240565
10880,2002665952.2881784
10881,4.300093499839123
10882,28.46777273337272
10883,4.619192590687155
10884,141.69778419576164
10885,18.380402379341522
10886,-0.01544362272654248
10887,-0.009749156663655112
10888,-160.37204561265972
10889,302.06982980842133
10890,12.007794575583702
10891,300.974380508477
10892,-0.011525173101344576
10893,24.38941691783398
10894,2002665952.2881784
10895,0.06338862784202387
10896,594.8436575919263
10897,1119.6107741045041
10898,33.49334276759738
10899,7850.366903233325
10900,3.698010602183027
10901,42.33348490605336
10902,51.109577191895816
10903,-0.09360163153323084
10904,5.391540055414489
10905,3.9144050864074167
10906,21.953634559483444
10907,5.391540055414481
10908,0.004354550384192066
10909,8.511409377156037
10910,0.27211378912422934
10911,0.18025990490655658
10912,0.27211378912422934
10913,0.18025990490655658
10914,0.9874094927066994
10915,0.9240741041688336
10916,-0.015283958196752403
10917,0.34891289957736
10918,0.18856631870272944
10919,0.01179640570130848
10920,66.98668553519491
10921,4.715483685982754
10922,23.360765524487313
10923,42.33348490605332
10924,1283.5931054128891
10925,0.06181365562049457
10926,24.72867974771847
10927,1146.8935716746962
10928,1.2184283620135374
10929,1394.4361529567689
10930,0.0012235765845309023
10931,0.0010232923305448492
10932,4.660069818945404
10933,18527.62196306239
10934,0.8906077130833968
10935,0.9392492797595018
10936,0.07995357355637268
10937,0.9553135835601202
10938,1096.2958047149095
10939,0.0009821961158697412
10940,453.1485878018829
10941,0.04637214365553448
10942,38.4939124837955
10943,1160.2708759721654
10944,33.42488743348342
10945,37869.02865329513
10946,0.03012395656043284
10947,0.0011357250350690648
10948,4357.109087187884
10949,0.44587690208635733
10950,0.6945425862110051
10951,809.304315725189
10952,0.0008464085081571594
10953,6.447538833721657
10954,0.44201194137868643
10955,28.306513686007403
10956,-7.404057913586874
10957,7.905095072501857
10958,1993035682.026639
10959,2.471428772262812
10960,5.438334323917912
10961,10.33889056010325
10962,74.45309310586649
10963,4.862232832455417
10964,0.15100649672985902
10965,0.038461461336061584
10966,-63.67570312223386
10967,138.12879622810036
10968,2.4870792848738734
10969,300.2498569038336
10970,0.2850292979235937
10971,7.703886666648242
10972,1993035682.026639
10973,0.2551433242386038
10974,59.34986977256057
10975,182.96092626223123
10976,13.527356145532533
10977,244.4694564321478
10978,2.453718624291148
10979,4.766608406852349
10980,4.880472484269458
10981,-0.0136970077207903
10982,1.3798387973900754
10983,2.202326114058608
10984,2.8607056824607633
10985,1.3798387973900752
10986,0.08666723744884815
10987,4.693728554148623
10988,0.5855247995337722
10989,0.5469508472113114
10990,0.5855247995337722
10991,0.5469508472113114
10992,0.9941245521080724
10993,0.9559135282273739
10994,-0.08957057677749512
10995,0.5639604989231757
10996,0.44577866687705164
10997,0.16364627641285653
10998,27.054712291065066
10999,2.9011495317219236
11000,2.4117702227804516
11001,4.766608406852349
11002,3859.5545308519995
11003,0.2215424972645687
11004,3.005433358440761
11005,186.1945281962136
11006,2.073579604494018
11007,382.76479511050877
11008,0.011788802821505918
11009,0.005854445188906021
11010,3.522367453036634
11011,11640.251725729042
11012,0.6644186969501068
11013,0.786777497877552
11014,0.425363581166323
11015,0.8405036562106873
11016,156.98726828317356
11017,0.004970027797202501
11018,432.74763948497855
11019,0.12381906709155323
11020,10.155357848223806
11021,195.33333333333334
11022,28666.041773962803
11023,5234667.551072962
11024,157.84940574374124
11025,0.006894190267251045
11026,1454.8826895565094
11027,0.4162754476556536
11028,0.6693531195090809
11029,131.5267637945678
11030,0.004924414034162742
11031,5.1494485300750235
11032,0.15808757011036728
11033,28626.028457248347
11034,-73.56050498849278
11035,56.75968296431275
11036,1974729469.393128
11037,5.475338221473975
11038,62.21119888466181
11039,8.544932567807809
11040,383.2539605397731
11041,41.67298517483418
11042,-6.752644790372118
11043,-4.362450276248465
11044,-642.587533158714
11045,1025.841493698487
11046,26.32932268448409
11047,298.86776490433215
11048,-0.736369815072373
11049,57.68820990002626
11050,1974729469.393128
11051,0.028834344772405176
11052,3327.9295614694875
11053,16449.087661012098
11054,128.19293963922863
11055,737846.2903842579
11056,-4049.6325456085337
11057,281.81099586237394
11058,219.2038474891374
11059,0.11675200846870198
11060,10.507114576359855
11061,4.792896338797687
11062,101.51986791888409
11063,10.507114576359825
11064,0.0010847606709984904
11065,10.54555192214339
11066,0.19067449190673808
11067,0.11016739438683393
11068,0.19067449190673808
11069,0.11016739438683393
11070,0.9950108298846028
11071,0.9534756359257887
11072,-0.06282978709704387
11073,0.6593264155301554
11074,0.11501471841656027
11075,0.0030742147553489436
11076,256.3858792784579
11077,5.9699407358958645
11078,125.25371083787752
11079,281.81099586237406
11080,607.7329140052562
11081,0.028463327129632662
11082,135.76762030176948
11083,16552.8224037581
11084,1.113800617685736
11085,18442.922046804062
11086,0.00011705854887898467
11087,0.00011010051797728703
11088,5.699138917795371
11089,19994.773691779807
11090,0.9358367447450555
11091,0.9657416041530378
11092,0.040183410443112993
11093,0.974638224895113
11094,16131.685745009581
11095,0.00010854852721256757
11096,344.55623315841723
11097,0.02443314658618758
11098,170.6986703948245
11099,16526.40965820451
11100,4.473266203375408
11101,74307.0189334846
11102,0.00034637454570190016
11103,0.0001351623726366614
11104,7702.496241667848
11105,0.5461988541815238
11106,0.7675633105756863
11107,12672.899997162247
11108,0.00012080946748889108
11109,7.004354351949316
11110,0.637868644834449
11111,2.015517412383039
11112,-6.565399476886588
11113,6.543014998335302
11114,1991285288.5189567
11115,2.315773208513229
11116,5.416953605292207
11117,48.71322312305085
11118,169.25712839461187
11119,4.37106546837691
11120,0.0353918213095984
11121,-0.012397052012215989
11122,-80.22028567460455
11123,249.47741406921642
11124,2.3765640886079202
11125,300.1179799764511
11126,1.9042950501161247
11127,7.040281228667288
11128,1991285288.5189567
11129,0.2736158144521971
11130,49.56555977872498
11131,306.55318339989594
11132,17.505842690003128
11133,481.2304650266204
11134,9.550604452595357
11135,4.1447370378010895
11136,3.7501335961189475
11137,0.045313557660689105
11138,1.2003822580998085
11139,2.03671253066366
11140,2.2410461612678265
11141,1.2003822580998078
11142,0.09265511640008466
11143,4.437558776382033
11144,0.604332998577975
11145,0.5697822674644397
11146,0.604332998577975
11147,0.5697822674644397
11148,0.9986124793562303
11149,0.9777447815377522
11150,-0.07579707662181187
11151,0.505123647870034
11152,0.4641313522268925
11153,0.1665309691531154
11154,35.01168538000629
11155,2.800317100845248
11156,1.9737176584800085
11157,4.14473703780109
11158,4092.344928868445
11159,0.24030024638761852
11160,2.5465711370916706
11161,309.1082260398372
11162,2.1785322256207453
11163,670.4370415679748
11164,0.007291511159409272
11165,0.003422603822566787
11166,3.4284123012023517
11167,10944.56621528057
11168,0.6387039024300017
11169,0.769422137478949
11170,0.4585058804161792
11171,0.8251246999464846
11172,255.49156020933424
11173,0.0028477470748660754
11174,382.7564841498559
11175,0.13788057786378094
11176,10.274687601217519
11177,321.1185158501441
11178,39744.84005763689
11179,12186327.673991354
11180,130.05205914225348
11181,0.004020716368545886
11182,1086.3811239193083
11183,0.3913476671179065
11184,0.6488972701343682
11185,212.29344117495225
11186,0.0028092628655979114
11187,5.157254452364892
11188,0.12556540618780532
11189,39681.41512885249
11190,-53.35916446840696
11191,49.53739069577992
11192,2007417890.978332
11193,5.149565186447252
11194,49.55160611935355
11195,5.217689965963801
11196,276.42028647536716
11197,33.00839328286998
11198,-2.0206397881881397
11199,-1.6206044731816238
11200,-294.8621458073211
11201,571.2824322826882
11202,20.925005712594867
11203,301.33124591654985
11204,-0.1474611670549422
11205,44.81986895763424
11206,2007417890.978332
11207,0.03606149003744272
11208,2008.8206533795055
11209,3510.9286847462795
11210,59.133598673616554
11211,194666.7705824838
11212,-311.5522335927693
11213,184.66284813421575
11214,128.09049279291537
11215,0.17626624740474392
11216,8.239559807906478
11217,4.4735313024485
11218,57.27256911052716
11219,8.239559807906447
11220,0.0015760479879338575
11221,10.020274067503982
11222,0.21746128437592865
11223,0.13193634594534837
11224,0.21746128437592865
11225,0.13193634594534837
11226,0.9907937142106616
11227,0.9364765753469919
11228,-0.0479721956492397
11229,0.5797657968571214
11230,0.13829201350125847
11231,0.004591382046724676
11232,118.2671973472338
11233,5.712798432356967
11234,78.18833523178304
11235,184.66284813421612
11236,753.5160904883974
11237,0.035545862487114624
11238,82.11079052163997
11239,3574.890488212712
11240,1.1378431289547815
11241,4061.5326692166736
11242,0.00040649669196523
11243,0.00036536065173248245
11244,5.412003803564475
11245,19578.566277418482
11246,0.9229135290759787
11247,0.9588175529916068
11248,0.04848100039431886
11249,0.9693483343502118
11250,3466.628351145991
11251,0.0003561882193223891
11252,385.08753006906187
11253,0.029881860019326596
11254,105.34649813061006
11255,3594.7755878016605
11256,6.227360906339722
11257,22046.642119965858
11258,0.0019412923387953332
11259,0.00040783445605308303
11260,6504.426243501202
11261,0.5047277289905489
11262,0.738587954051612
11263,2662.5701015595155
11264,0.0003280189534266208
11265,6.870620634324451
11266,0.582911163379772
11267,3.284327073187137
11268,-25.092195474707193
11269,11.167090204753183
11270,1934659999.082578
11271,3.562225601393429
11272,12.428566461534919
11273,10.696241771209266
11274,109.28905457740254
11275,11.978455028106758
11276,-4.786840535838122
11277,-1.740501384838641
11278,-151.30989776552374
11279,260.5989523429263
11280,5.874941038483085
11281,295.820044592076
11282,-1.5007798797776093
11283,18.939093474746326
11284,1934659999.082578
11285,0.1348382804495876
11286,358.6892616451789
11287,942.2901328526027
11288,30.523299460119787
11289,26349.76806761644
11290,-554.4773754556389
11291,49.25643863268975
11292,6.7838420985840635
11293,0.7574354131792109
11294,1.5833804579996713
11295,2.4279726665243824
11296,4.228821027668369
11297,1.5833804579996715
11298,0.037757021810800345
11299,6.362957166232242
11300,0.5725249585430298
11301,0.5275264987186838
11302,0.5725249585430298
11303,0.5275264987186838
11304,0.9976509397222878
11305,0.9722558700035564
11306,-0.2043469496603042
11307,0.8678547622478359
11308,0.39539577579284985
11309,0.12131069459773508
11310,61.0465989202396
11311,4.416977806004131
11312,14.010070182818431
11313,49.25643863268976
11314,2218.160414711276
11315,0.11774950601411602
11316,16.39824512626445
11317,942.6299509129151
11318,1.735252459979266
11319,1659.105612420772
11320,0.0020537885381303475
11321,0.0012856494254883113
11322,4.372762287147018
11323,14363.02555308303
11324,0.7587317652463607
11325,0.8477856953974191
11326,0.30864594469378537
11327,0.89112408698307
11328,836.8974785802324
11329,0.0011705128681234712
11330,251.39665970772444
11331,0.05248364503292786
11332,41.127189342794004
11333,890.6853862212944
11334,8101.454697286013
11335,7967894.641544885
11336,8.246698843382479
11337,0.0018534701321986844
11338,1820.6175365344468
11339,0.3800871683787989
11340,0.6394954447363469
11341,563.4622722873219
11342,0.001379816984317799
11343,6.6284489880102715
11344,0.21666365116699837
11345,8080.152329182667
11346,1012.3519533844722
11347,1517.2549509683238
11348,56737089803.37001
11349,7.33056120227439
11350,235.7193537187677
11351,5.782829281029578
11352,2090.76190569295
11353,160.25952592300158
11354,1287.041353581439
11355,1317.972956105558
11356,-16.49674750053538
11357,2107.2586531934858
11358,100.63509723956692
11359,1601.9863083782332
11360,-1.2050053792383493
11361,218.3114157659043
11362,56737089803.37001
11363,0.007885991295785032
11364,47659.874253713526
11365,71074.1958494675
11366,263.94373444156054
11367,231258025.8906974
11368,-571648.0959126027
11369,6235.847106850884
11370,605.42035866739
11371,0.8223334569790205
11372,16.901364429481696
11373,5.508460795599641
11374,312.72743862672
11375,16.901364429481497
11376,0.0001709960410232627
11377,12.998551666453384
11378,0.1423509189426296
11379,0.07320474291893464
11380,0.1423509189426296
11381,0.07320474291893464
11382,0.9967051287336719
11383,0.9630291531202944
11384,-0.21128782597227005
11385,0.9753893577546651
11386,0.0764254406520239
11387,0.0007009165623900559
11388,527.8874688831211
11389,8.183316325076406
11390,1710.3168663795668
11391,6235.847106850908
11392,170.40352306867896
11393,0.007853203326832668
11394,1920.7602151445935
11395,70422.83309663735
11396,1.0580712603073037
11397,74759.01739418553
11398,6.4755517868148e-05
11399,6.3904121457541e-05
11400,7.4608340070719255
11401,20921.778911986
11402,0.964151333051077
11403,0.9814790329988419
11404,0.01988201689923106
11405,0.9862148582817465
11406,69394.63821479927
11407,6.370145681479944e-05
11408,129.35767855082497
11409,0.007462655968087283
11410,2097.493248289343
11411,69403.94392523365
11412,2.1383408330448828
11413,154760.9540209992
11414,9.273294770482669e-05
11415,7.627110111191806e-05
11416,11835.005999769239
11417,0.6827625475810107
11418,0.8525334490897117
11419,58499.76016063922
11420,7.403557009474696e-05
11421,8.28741280642384
11422,0.7840600687533924
11423,0.5116638283568959
11424,33.0
11425,65501.0
11426,65501.0
11427,35203.95621965655
11428,0.5374567750058251
11429,0.22321563224568794
11430,4.479972974739174
11431,107.09341716464182
11432,97.16480844420988
11433,83.93449827097318
11434,106.6770828247567
11435,78.94273937572368
11436,65.12623074137767
11437,37.58229965620645
11438,0.8249806284452952
11439,0.4760703764957477
11440,172.97097826830154
11441,266.2155741549032
11442,17893369266.465767
11443,4.936142532516683
11444,43.70840432184454
11445,4.640941974498743
11446,343.43375512349525
11447,29.624766049031642
11448,221.1262388957624
11449,224.6925900491509
11450,-21.531420963906665
11451,364.9651760874019
11452,18.523104715008074
11453,522.6634094072637
11454,-0.8780790126775647
11455,40.055994152956345
11456,17893369266.465767
11457,0.04133084053809421
11458,1604.4826675816728
11459,2517.519228791084
11460,49.61070324408169
11461,271797.35164224304
11462,-3586.9297533290915
11463,235.92069625400072
11464,10.734681025730012
11465,0.9128667312749706
11466,2.482809170477582
11467,2.8571905809054394
11468,4.473213115407381
11469,2.4828091704775854
11470,0.004341665339983378
11471,8.522434052458259
11472,0.4127160638362567
11473,0.3314741203867774
11474,0.4127160638362567
11475,0.3314741203867774
11476,0.9980563802910521
11477,0.9682646850689122
11478,-0.2536503063108033
11479,0.9543442716615108
11480,0.3346434808834761
11481,0.010348421424008412
11482,99.2214064881634
11483,5.8303500365525975
11484,61.66384431993262
11485,235.92069625400063
11486,2377.7275493018637
11487,0.040618410142043385
11488,65.46747659513026
11489,2540.1754637075883
11490,1.3935592208748961
11491,3526.5698255015877
11492,0.0006552867868118124
11493,0.000478404630317209
11494,5.4954509421465
11495,47511.18147680364
11496,0.8110644371152085
11497,0.893673966222478
11498,0.13982118804763058
11499,0.9198049139581863
11500,2338.889542579581
11501,0.0004423661903038001
11502,470.7422395798263
11503,0.03169767958924155
11504,89.64056462079924
11505,2558.0662581644333
11506,951.5602316342333
11507,2329176.9152918993
11508,0.4048626534074232
11509,0.0005684903378334416
11510,5213.8633762036225
11511,0.3510782692211718
11512,0.6146718025025487
11513,1561.5739814703766
11514,0.0003907395404091486
11515,7.544412538942885
11516,0.22672936291048992
11517,932.107326691335
11518,-12.310628890991211
11519,12.692505836486816
11520,5901546373.140227
11521,3.163728184585196
11522,12.198417663574219
11523,12.548880228846754
11524,59.38418197631836
11525,8.564104897312536
11526,-0.10704541248072524
11527,1.0555737018585205
11528,-116.51593780517578
11529,175.90011978149414
11530,5.126003565705638
11531,300.16423683947113
11532,-1.968086624665813
11533,12.758717262727945
11534,5901546373.140227
11535,0.1461675531506019
11536,162.78486619023207
11537,610.8998144472569
11538,24.619368626750706
11539,6678.7889965365075
11540,-224.81447288259017
11541,22.153791113577544
11542,3.009045334535191
11543,0.759855602723231
11544,1.208581503172236
11545,2.0254521122635865
11546,1.5212722891672943
11547,1.2085815031722367
11548,0.03387937185387079
11549,5.669284534741346
11550,0.582102045633141
11551,0.5417851724620428
11552,0.582102045633141
11553,0.5417851724620428
11554,0.9977200804695914
11555,0.9685297249433725
11556,-0.18127066963347027
11557,0.8107291176864386
11558,0.472456536485657
11559,0.07876746747126007
11560,49.23873725350138
11561,3.992989273755925
11562,6.290709112028184
11563,22.153791113577544
11564,6991.781505443715
11565,0.13667769671865118
11566,7.529215899005551
11567,601.6830359773037
11568,2.0829842527747156
11569,1273.7752896168847
11570,0.0036462618512237864
11571,0.0018591799710170782
11572,4.204802213878721
11573,33659.16015562266
11574,0.6556914180713225
11575,0.7807631827112455
11576,0.42859295596906566
11577,0.8364821431190512
11578,500.3053742640404
11579,0.0015872003345868634
11580,381.5610119047619
11581,0.07097489060728458
11582,23.244303182028013
11583,526.7107514880952
11584,67508.25167410714
11585,41614478.069010414
11586,110.04517999346258
11587,0.0029716102213851706
11588,1573.610119047619
11589,0.29271021559665533
11590,0.5587930532412542
11591,283.12995052534325
11592,0.0019331965389415232
11593,6.807716567273257
11594,0.082075082823163
11595,67359.80265212979
11596,-24.041278839111328
11597,20.743343353271484
11598,5837832593.295369
11599,3.959975251520299
11600,19.530372619628906
11601,7.176885126174136
11602,64.55270385742188
11603,16.060402057818173
11604,-2.4603148172072973
11605,0.8673715591430664
11606,-117.54637145996094
11607,182.0990753173828
11608,8.36483535164306
11609,298.53953584868225
11610,-1.6851558960616864
11611,24.412910643166697
11612,5837832593.295369
11613,0.08850608999794979
11614,595.9902060712418
11615,608.1211663212091
11616,24.18402597079261
11617,65931.69700411003
11618,-1608.6696068330705
11619,94.71036177549917
11620,1.7005206810149636
11621,0.9646543648453432
11622,0.8625519962567012
11623,1.6985154236185471
11624,0.9337624868093548
11625,0.8625519962567014
11626,0.026526035254202097
11627,6.136422171419939
11628,0.6638241367595464
11629,0.6410532878816625
11630,0.6638241367595464
11631,0.6410532878816625
11632,0.9987695644500376
11633,0.9778394365635948
11634,-0.44504485297552543
11635,0.9836020881083336
11636,0.4709200436262615
11637,0.06482627026200903
11638,48.36805194158521
11639,4.917797955026421
11640,24.102720614128543
11641,94.7103617754992
11642,3687.95306803263
11643,0.08105648927009364
11644,27.645475128675294
11645,585.9922813733541
11646,3.2486394108842234
11647,2010.8003073449536
11648,0.0076425955797090744
11649,0.0030408788798648475
11650,5.302294563752579
11651,26950.227654386625
11652,0.5881665337513696
11653,0.69258014851212
11654,1.1030038501083805
11655,0.7934651674297883
11656,456.2514241523302
11657,0.002541624399334814
11658,121.83892176199869
11659,0.040052242525311865
11660,48.07595074646448
11661,447.3662064431295
11662,76595.7590401052
11663,46428597.584812626
11664,129.1752641100472
11665,0.005156705799770937
11666,813.612097304405
11667,0.2674595980619346
11668,0.534047463058105
11669,238.92992945045475
11670,0.0024689147399026105
11671,7.50795099776521
11672,0.04644203905283889
11673,76132.12272941043
11674,-52.6992301940918
11675,20.587547302246094
11676,5693099127.944698
11677,4.286912441664635
11678,23.252613067626953
11679,5.097144173729228
11680,72.704345703125
11681,21.118960436335545
11682,-6.774688972601874
11683,-0.7228388786315918
11684,-118.79039001464844
11685,191.49473571777344
11686,11.014906892540624
11687,294.8155643329273
11688,-1.2983096518139312
11689,30.57995987289738
11690,5693099127.944698
11691,0.07378100661135198
11692,935.1339458280139
11693,576.6284155422383
11694,23.236938103896644
11695,114999.71907116634
11696,-2391.8232042141326
11697,147.8999079286325
11698,1.2155210192255954
11699,0.9836646708793104
11700,0.7218605263926737
11701,1.5423904385931468
11702,0.6771536063508197
11703,0.7218605263926743
11704,0.028030437681086005
11705,6.20117053884797
11706,0.7020897507383547
11707,0.6852438227555494
11708,0.7020897507383547
11709,0.6852438227555494
11710,0.9992045718300567
11711,0.9822460010037165
11712,-0.5423327378848702
11713,0.9946078478326589
11714,0.4496017486751269
11715,0.06567113107312783
11716,46.47387620779328
11717,5.221450429318691
11718,37.278857236964505
11719,147.89990792863244
11720,2634.2937470693673
11721,0.06206104864842991
11722,43.86277305234789
11723,550.136987444612
11724,4.1086855220369936
11725,2475.5936718292683
11726,0.017752742249025108
11727,0.005598159171656857
11728,5.820271578264032
11729,23211.525479222248
11730,0.5428453926942949
11731,0.6447770028173393
11732,1.6155720100233235
11733,0.7625053470851438
11734,406.0585675912874
11735,0.004368331050410401
11736,74.06216348507097
11737,0.036251670819907475
11738,60.01557742435726
11739,421.9275575134606
11740,99770.16495349976
11741,59188427.635829665
11742,184.94063782104305
11743,0.007329989597443752
11744,375.70778267254036
11745,0.18390004046624592
11746,0.43721228572858034
11747,182.99760067046992
11748,0.0031189348760891945
11749,8.035794836533151
11750,0.031190363505900674
11751,98742.24539986951
11752,-4.934069286638091
11753,4.984508830673867
11754,5903864669.99037
11755,2.029377126658512
11756,4.875332501172887
11757,96.65007255611465
11758,214.62404217357755
11759,4.3183173278022
11760,0.0047321662962540425
11761,0.011520658127809825
11762,-192.33458143712815
11763,406.9586236107057
11764,2.0505282040720085
11765,300.22318761565816
11766,0.3618570820302016
11767,11.45089777858171
11768,5903864669.99037
11769,0.3341955893114865
11770,131.12305993552755
11771,1559.8829918177812
11772,39.502284412008954
11773,8501.642643637115
11774,-3.0868479722220323
11775,8.514638683881518
11776,10.704609723463683
11777,-0.10652705738592577
11778,1.252260648434853
11779,1.9128596837178216
11780,9.124950587032748
11781,1.2522606484348562
11782,0.12271356396736637
11783,3.873482753446665
11784,0.6266851682859098
11785,0.6008290226176547
11786,0.6266851682859098
11787,0.6008290226176547
11788,0.9986188515406772
11789,0.9859378485756154
11790,-0.06704101113176347
11791,0.48352693004147673
11792,0.4963457186426594
11793,0.17876132582265622
11794,79.00456882401797
11795,2.447329001913169
11796,4.804812101836285
11797,8.514638683881508
11798,13639.870948145324
11799,0.29339019157426244
11800,7.323511725886896
11801,1567.8326942273172
11802,2.6482604762828266
11803,4140.199244994561
11804,0.0017628904234393214
11805,0.0007053191984924776
11806,3.3902591088565006
11807,26361.575589097753
11808,0.5669810657629047
11809,0.7097343199692787
11810,0.6613415188803022
11811,0.7806077014401401
11812,1225.4380511982279
11813,0.0005644681423044958
11814,845.2408339324227
11815,0.15191244319418093
11816,52.73338628447951
11817,1616.4070812365205
11818,241135.45416966212
11819,376336570.38497484
11820,154.60602466563378
11821,0.0011554447151853175
11822,2977.5758447160315
11823,0.5351502237088482
11824,0.7589416826858927
11825,1236.2354140995706
11826,0.0009872005948112833
11827,5.385632888013345
11828,0.0849452680111754
11829,240996.8674490511
11830,-7.8650988849030385
11831,7.752068570143651
11832,5903796181.4250145
11833,2.5351340016406048
11834,7.866619099984044
11835,66.71715952472498
11836,186.6952582913521
11837,5.597069731248738
11838,0.04884476037431211
11839,-0.03179373287089138
11840,-228.238880983758
11841,414.9341392751101
11842,3.2956325367008428
11843,300.22144622114894
11844,0.26040905251938423
11845,10.17877836889169
11846,5903796181.4250145
11847,0.22519126314768054
11848,103.60752908301737
11849,2162.2913139656935
11850,46.50448237926247
11851,3384.0984818146853
11852,16.821072142308143
11853,6.908702531398685
11854,8.411067723175519
11855,-0.09324342739781505
11856,1.6049813164655544
11857,2.288958443055978
11858,5.82263010023161
11859,1.6049813164655597
11860,0.05501236327175226
11861,4.927986406492144
11862,0.5298764634224858
11863,0.47748892064706827
11864,0.5298764634224858
11865,0.47748892064706827
11866,0.9988905711035931
11867,0.9818944667749789
11868,-0.033985315284518786
11869,0.39381822393714344
11870,0.45124068629245295
11871,0.09985332951130713
11872,93.00896475852494
11873,2.954373124364545
11874,3.8299425636435513
11875,6.908702531398695
11876,10703.908979277687
11877,0.20489201007378888
11878,5.100880366651021
11879,2168.5891374207085
11880,1.9549086141341472
11881,4233.06727832034
11882,0.0009282391019446561
11883,0.0004859265524613039
11884,3.5192770062751446
11885,35503.16179645346
11886,0.677240919156068
11887,0.79761553845919
11888,0.36982234691023314
11889,0.8488300049193919
11890,1841.6823516093925
11891,0.00041589986803926217
11892,817.5685821542015
11893,0.11804339909820986
11894,28.37768484275292
11895,2202.662142650881
11896,96988.89445567426
11897,209836508.07767832
11898,44.859727257188
11899,0.0006313872240122344
11900,3046.8810280103958
11901,0.43991929367750443
11902,0.6891687702459239
11903,1527.4103939746367
11904,0.0004856262926076254
11905,5.546131374840025
11906,0.10573884368177586
11907,96899.4546418852
11908,-10.120081629515177
11909,9.95188385466171
11910,5905409626.5401325
11911,2.8789849328684447
11912,9.958704667219791
11913,61.08683072387066
11914,211.5184915880775
11915,7.050188070254936
11916,0.008773269468766427
11917,-0.01753099247386075
11918,-251.72465608307525
11919,463.24314767115277
11920,4.173001321516491
11921,300.2624670932093
11922,0.023918404249503356
11923,12.340385174258067
11924,5905409626.5401325
11925,0.17837740070674907
11926,152.2851062490483
11927,2652.232717564665
11928,51.50130835592468
11929,8505.342371799183
11930,7.783206656656981
11931,11.012797216328519
11932,11.620988398244187
11933,-0.02890937290083409
11934,1.9136582936032016
11935,2.490360505330435
11936,7.747043504578913
11937,1.91365829360321
11938,0.03821001504745038
11939,5.497083375595523
11940,0.5004092235485872
11941,0.44058791617601833
11942,0.5004092235485872
11943,0.44058791617601833
11944,0.9987825944033274
11945,0.9807457211261081
11946,-0.07396946335423796
11947,0.5385965706756185
11948,0.41086261610450636
11949,0.07742763193744834
11950,103.00261671184947
11951,3.3022832612405546
11952,5.658446403643174
11953,11.012797216328524
11954,9025.939019323376
11955,0.16492494556624962
11956,7.157597110351375
11957,2659.688813529827
11958,1.711636522973548
11959,4548.037433419217
11960,0.0006684982364033588
11961,0.0003998024759252663
11962,3.7087125980745737
11963,40013.616469249784
11964,0.7290805368894551
11965,0.8355797269096309
11966,0.2699569776708522
11967,0.8776510216418567
11968,2335.0277012609386
11969,0.00035358925620404915
11970,907.8181224134175
11971,0.09886932285051378
11972,31.524053553207363
11973,2689.8237856676105
11974,55708.95066434328
11975,147711626.27085602
11976,21.026809399189215
11977,0.0005067420027966543
11978,4020.512742321934
11979,0.4378689547290279
11980,0.687891759391055
11981,1859.36174353546
11982,0.000387354358850265
11983,5.725067492544699
11984,0.14018106593792462
11985,55658.06197285362
11986,-18.110424192636952
11987,18.31705306943534
11988,5917200614.62189
11989,3.6565296097939837
11990,18.37617145634167
11991,11.721086806818098
11992,234.11987475400136
11993,11.815210354987558
11994,0.12381874403970819
11995,0.4694434966471943
11996,-176.74814656471688
11997,410.8680213187182
11998,7.688078502414274
11999,300.5620759208292
12000,-0.10478416038307571
12001,16.225131874135744
12002,5917200614.62189
12003,0.09923135332287938
12004,263.2549043330957
12005,1340.59466906255
12006,36.597356166606
12007,4949.804789250546
12008,-44.757683221903484
12009,22.147884890841027
12010,17.236330047132753
12011,0.12171801877290525
12012,2.941316362765149
12013,3.0455836805129435
12014,8.044120026455097
12015,2.941316362765154
12016,0.012040277104936431
12017,7.053152406291312
12018,0.391093116313287
12019,0.3084870733964841
12020,0.391093116313287
12021,0.3084870733964841
12022,0.9975683524339665
12023,0.9667989617537207
12024,-0.050072420645404105
12025,0.4234034383134452
12026,0.31006659364412936
12027,0.02609658880363798
12028,73.19471233321195
12029,4.172187072298399
12030,9.846053734493442
12031,22.14788489084102
12032,5606.808546491368
12033,0.09572200327091807
12034,11.305094611724922
12035,1344.1009436079476
12036,1.3992367847167975
12037,1882.8779578537894
12038,0.001092268134357101
12039,0.00079208352509589
12040,4.226165312114832
12041,47777.45991168731
12042,0.8136585433424236
12043,0.8943187009476079
12044,0.14329326259208186
12045,0.9203781620048397
12046,1236.6529137204122
12047,0.00073214253670196
12048,1017.1545102520155
12049,0.06456893990046439
12050,24.9527502001767
12051,1336.9024947629023
12052,5158.8512029454705
12053,6940863.8200342795
12054,3.8403832204616877
12055,0.0008872262314510443
12056,5908.172475084111
12057,0.37505062369606496
12058,0.6358820099778476
12059,849.6111083763885
12060,0.0006018051885731045
12061,6.402200875517517
12062,0.24050014503595366
12063,5141.562225220082
12064,-7.943526387787375
12065,7.828661242235335
12066,5914187688.316409
12067,2.6267367289177193
12068,7.7648237569977905
12069,69.41316645966853
12070,230.03858727965942
12071,6.518372501587897
12072,0.09952170323975314
12073,-0.10226100181733283
12074,-268.3288230111413
12075,498.36741029080076
12076,3.259943797424696
12077,300.48554592393896
12078,0.24119770714537853
12079,15.226305615426318
12080,5914187688.316409
12081,0.22424334640111365
12082,231.84038269436303
12083,2970.184212657402
12084,54.500603463903936
12085,25024.47384052649
12086,30.439164363343366
12087,17.254570171396757
12088,17.781068844643258
12089,-0.02800130871928059
12090,1.733459954941186
12091,2.277378443684183
12092,14.644323855336504
12093,1.7334599549411942
12094,0.0591461789484395
12095,4.976681970621171
12096,0.5538015268598593
12097,0.5085810923848695
12098,0.5538015268598593
12099,0.5085810923848695
12100,0.9984661387841643
12101,0.9841782784165323
12102,-0.0856387439073934
12103,0.5709189938481665
12104,0.4536890961396827
12105,0.11094197491718046
12106,109.00120692780806
12107,3.1039112567086136
12108,8.758909754009993
12109,17.254570171396754
12110,10491.629603236112
12111,0.20162091708955507
12112,11.563552147571206
12113,2984.9502717339005
12114,1.973857436221703
12115,5875.601864725491
12116,0.000692050313251699
12117,0.00036357918663824636
12118,3.644069107516176
12119,35153.5632856735
12120,0.6736977041669547
12121,0.7944247474788996
12122,0.37894407418424614
12123,0.84695600498864
12124,2530.645402610847
12125,0.00031194758414255553
12126,717.7606917817402
12127,0.09622746906847301
12128,68.65044052501982
12129,3073.450998793404
12130,103390.04786164364
12131,306870280.5616034
12132,34.84951947327291
12133,0.0005182580849704515
12134,3543.2512401126155
12135,0.4750303311586829
12136,0.7166601988448601
12137,2224.8961993233984
12138,0.00042155661403495094
12139,5.893314758635121
12140,0.11387612402864078
12141,103312.93361032805
12142,-14.269250003316726
12143,14.878945161815656
12144,5921128683.361901
12145,3.425792822228704
12146,14.436425106411647
12147,46.36212758785249
12148,295.60845029693473
12149,10.721256538752971
12150,0.005720040903787129
12151,0.6863902023179044
12152,-265.47867672059084
12153,561.0871270175255
12154,6.056180477598048
12155,300.66182178884395
12156,-0.2668010785547969
12157,19.851927466254715
12158,5921128683.361901
12159,0.12434605851453612
12160,394.09902412543835
12161,2974.125483342821
12162,54.51452290937859
12163,52645.405850282
12164,-354.446355706899
12165,32.64123931994449
12166,23.47231517850137
12167,0.14429221261449574
12168,2.5176844769451256
12169,2.802045740747724
12170,16.830453837658084
12171,2.5176844769451314
12172,0.01892250195617838
12173,6.523510617488713
12174,0.4412476487271343
12175,0.36814322355650075
12176,0.4412476487271343
12177,0.36814322355650075
12178,0.998411455293835
12179,0.9793415453422576
12180,-0.06831583127296952
12181,0.5429184230913778
12182,0.36465203810581437
12183,0.04143239068895686
12184,109.0290458187573
12185,3.9947905373435972
12186,14.028388624611438
12187,32.641239319944475
12188,6705.378317095664
12189,0.11822794212843056
12190,17.772949448804187
12191,2984.604347826519
12192,1.5371084802654014
12193,4594.546850140172
12194,0.0005616025542391388
12195,0.000381511541309089
12196,4.130805554089078
12197,43807.02666789358
12198,0.7704402498324787
12199,0.865931582958805
12200,0.1970744929314858
12201,0.8992160348091018
12202,2682.561012901497
12203,0.0003476862999305386
12204,814.4700390426074
12205,0.06912833466666163
12206,65.03366237338123
12207,2958.2719402478356
12208,18177.07918859277
12209,54522226.76761161
12210,6.065667854717757
12211,0.000550571572957545
12212,4600.3323714140215
12213,0.3904542837730454
12214,0.6492975406490034
12215,1921.6496702514294
12216,0.0004275735993806213
12217,6.50363876771871
12218,0.1798751164104365
12219,18146.17211943097
12220,-16.332597070359558
12221,16.04259338983069
12222,5918909490.516274
12223,3.588345599361854
12224,15.897519517593965
12225,50.95854397619128
12226,412.16689540824257
12227,11.999823700080592
12228,-0.23854465930305643
12229,0.23166805603707097
12230,-297.94329641642736
12231,710.11019182467
12232,6.697832028058088
12233,300.60547365581925
12234,0.8668198202838701
12235,22.51045721141136
12236,5918909490.516274
12237,0.11232781957771866
12238,506.7206838667817
12239,3670.134009802947
12240,60.482072794134254
12241,215012.11278141793
12242,395.1052100219673
12243,61.95136841453026
12244,13.74007034525465
12245,0.6351153901900313
12246,2.0334696885764423
12247,2.5678887006570754
12248,9.539745786313356
12249,2.0334696885764525
12250,0.017604391905344297
12251,6.643552350836474
12252,0.4829888779130413
12253,0.4187196473826525
12254,0.4829888779130413
12255,0.4187196473826525
12256,0.9993534702423106
12257,0.9863679648633322
12258,-0.12815969081767214
12259,0.7587497780001494
12260,0.40543305254414963
12261,0.04018738335740524
12262,120.9641455882686
12263,4.388055354854762
12264,18.922859689946225
12265,61.9513684145303
12266,6169.290371792827
12267,0.10702168476122544
12268,22.543661703641053
12269,3674.6077349555762
12270,1.4671176374393784
12271,5391.967356139531
12272,0.00043307047549937444
12273,0.00030537341628666785
12274,4.2341020811897
12275,45774.42893671903
12276,0.7922487550173554
12277,0.8801016543493764
12278,0.17047902806956122
12279,0.910082399283829
12280,3344.003886285905
12281,0.0002807746478065581
12282,868.9029797034691
12283,0.06253800055444574
12284,72.51357995262782
12285,3675.450698143083
12286,12403.563912480207
12287,45455358.964804955
12288,3.3879004072819776
12289,0.00040259883831850456
12290,5407.568590758601
12291,0.3892017123044912
12292,0.6480376842544078
12293,2389.836258713148
12294,0.0003028372414637279
12295,6.58996334797682
12296,0.21211889894810768
12297,12381.338937962066
12298,487.0571735197122
12299,751.6500595400295
12300,56850110830.975685
12301,6.409315873825808
12302,119.84708942004852
12303,4.844097535331574
12304,954.0043087314898
12305,82.7587141663555
12306,624.8189495388156
12307,635.9180714058699
12308,-103.71163832887181
12309,1057.7159470603617
12310,51.12709347395011
12311,931.6261978787916
12312,-0.9442061512184978
12313,112.41567127413788
12314,56850110830.975685
12315,0.01489598872107256
12316,12637.283148015029
12317,21838.52172124987
12318,146.2432452035758
12319,17252951.547292557
12320,-81715.86663077178
12321,1864.5293551211157
12322,58.81265767986188
12323,0.9387351268798745
12324,5.334967457785583
12325,3.886987872876918
12326,29.762692978981637
12327,5.334967457785635
12328,0.0007872798203749632
12329,11.025631214193453
12330,0.2823184583318898
12331,0.1912269774529318
12332,0.2823184583318898
12333,0.1912269774529318
12334,0.9987152038965925
12335,0.9760290035559848
12336,-0.26193537968176805
12337,0.9802565543982904
12338,0.1976960083097786
12339,0.0022291647203026375
12340,292.48649040715173
12341,7.309579795108402
12342,480.8355032002426
12343,1864.529355121107
12344,914.8722727744179
12345,0.014760883894631918
12346,511.2348475150827
12347,21970.87794003741
12348,1.1811868587604077
12349,25904.07357324871
12350,8.044893725140336e-05
12351,7.121542786378062e-05
12352,6.7313292907919
12353,55819.60716359434
12354,0.900387659321103
12355,0.946216910370132
12356,0.06373713572040318
12357,0.9600678956177094
12358,21103.54187057743
12359,6.917944658656208e-05
12360,419.6664574244374
12361,0.013171791764992856
12362,595.3146143767888
12363,22086.58381720599
12364,13.104202630174822
12365,278563.63780170114
12366,0.0007285585814963572
12367,9.050007159884432e-05
12368,14255.764633878409
12369,0.4474361957841376
12370,0.6956168776587819
12371,15316.309017365567
12372,7.513475198263907e-05
12373,8.331546466502303
12374,0.48642005465565413
12375,8.877739783499663
12376,33.0
12377,65501.0
12378,65501.0
12379,35203.95621965655
12380,0.5374567750058251
12381,0.22321563224568794
12382,4.479972974739174
12383,107.09341716464182
12384,97.16480844420988
12385,83.93449827097318
12386,106.6770828247567
12387,78.94273937572368
12388,65.12623074137767
12389,37.58229965620645
12390,0.8249806284452952
12391,0.4760703764957477
12392,171.78398613360378
12393,252.47466943624812
12394,17181846521.847656
12395,4.8175788560203845
12396,41.017764012177594
12397,5.82622411667544
12398,470.3395143533879
12399,26.910278592588718
12400,210.83125420069493
12401,212.12932778492598
12402,3.678395919761353
12403,466.6611184336266
12404,17.15944367818379
12405,512.1662451892164
12406,-0.6952566172554925
12407,36.95527625340628
12408,17181846521.847656
12409,0.045090480065735315
12410,1365.6924429655742
12411,1821.4968103313643
12412,42.17115754037066
12413,217969.0326597052
12414,-2354.369389455377
12415,191.83181934908913
12416,19.476960426109
12417,0.8156162379436644
12418,3.0978924416731983
12419,3.1744104531782154
12420,9.743457096847596
12421,3.0978924416732125
12422,0.0041129646522937244
12423,8.694979807745144
12424,0.3820894074114903
12425,0.2977806951759321
12426,0.3820894074114903
12427,0.2977806951759321
12428,0.997879807455115
12429,0.9693416732371795
12430,-0.17946390287375683
12431,0.9003639232523559
12432,0.3006245030681379
12433,0.011191712338169004
12434,84.34231508074144
12435,5.696308291765758
12436,52.827194943799526
12437,191.83181934908905
12438,2630.6511695737986
12439,0.04432859100034654
12440,56.10473220961786
12441,1881.3716443721323
12442,1.340898461666512
12443,2498.94632796584
12444,0.0009042617330363132
12445,0.0006861430462226522
12446,5.328433292835679
12447,49392.198853612805
12448,0.8318799177138191
12449,0.9059873425302971
12450,0.12145931983905307
12451,0.9296050068366953
12452,1753.5250436136014
12453,0.0006409664035323445
12454,656.4360694767599
12455,0.035519510279571447
12456,80.07245858942532
12457,1983.5547859964288
12458,610.2079432931118
12459,1078867.3901845138
12460,0.35707474459858424
12461,0.0007792917644098365
12462,7637.150532979817
12463,0.4132433598279215
12464,0.668702900650904
12465,1349.9422187889763
12466,0.0005524387940472962
12467,7.200913939244214
12468,0.28214836414711225
12469,597.6463442561923
12470,-10.149136543273926
12471,26.76879119873047
12472,6165617924.974274
12473,3.710561603415176
12474,16.465975284576416
12475,10.689067127863026
12476,146.47239685058594
12477,12.335742919435507
12478,6.252863075900562
12479,4.970343589782715
12480,-255.18777465820312
12481,401.66017150878906
12482,7.107623572223703
12483,306.80634653208597
12484,-0.2976210475450879
12485,18.420589843436805
12486,6165617924.974274
12487,0.10610799807613636
12488,339.3181301801272
12489,2904.649865400839
12490,53.80773781511444
12491,21881.18820873332
12492,-93.54029305494507
12493,43.7516092829344
12494,6.244393438702684
12495,0.7486587001730709
12496,1.6632609131457345
12497,2.412610017484912
12498,3.4313505898363097
12499,1.6632609131457377
12500,0.020913277446339924
12501,6.606227406368449
12502,0.5236649112677807
12503,0.470084575462753
12504,0.5236649112677807
12505,0.470084575462753
12506,0.999080367750854
12507,0.9805784444380191
12508,-0.18002248868063014
12509,0.8436641763040017
12510,0.43268730559615987
12511,0.053695949662997323
12512,107.61547563022889
12513,4.51961121439531
12514,12.49900068040926
12515,43.751609282934325
12516,5273.357331429084
12517,0.09803643325146072
12518,15.364215204011215
12519,2907.5960092413434
12520,1.8076900436295547
12521,5231.274321566664
12522,0.0006536084098867028
12523,0.0003707574327945807
12524,4.61028742125824
12525,38307.89368666863
12526,0.7106539099816707
12527,0.8208905794744186
12528,0.31556781977925447
12529,0.8679115786524955
12530,2526.33267124547
12531,0.0003245707748700046
12532,436.66480322003576
12533,0.048822093383277705
12534,42.846616103022306
12535,2899.5722271914133
12536,28130.198233452593
12537,79881600.72965117
12538,9.919050759828231
12539,0.0004811626127220882
12540,3226.9532647584974
12541,0.36079531135493037
12542,0.6234380531536976
12543,1785.9705667023693
12544,0.00034670026133860193
12545,6.94546127935873
12546,0.13654753362544084
12547,28076.565210052268
12548,-26.995559692382812
12549,32.94654846191406
12550,6194651521.755428
12551,4.3414148606703336
12552,25.832884788513184
12553,5.787757631369102
12554,135.466796875
12555,19.72774919475069
12556,6.205403503687601
12557,9.09682846069336
12558,-145.46917724609375
12559,280.93597412109375
12560,11.219314834700612
12561,307.5278662571663
12562,-0.45254735312805777
12563,28.48928552683306
12564,6194651521.755428
12565,0.06741162077041371
12566,811.6393898294198
12567,1068.9624837866456
12568,32.22492945284816
12569,98573.51208148044
12570,-698.831507828598
12571,125.85874148042777
12572,3.817215180504128
12573,0.9410754151449331
12574,1.3503341622055796
12575,2.1626406081187137
12576,1.9309427481444303
12577,1.3503341622055811
12578,0.014378167275581255
12579,7.0784112044825935
12580,0.5649276639663686
12581,0.5210562717620422
12582,0.5649276639663686
12583,0.5210562717620422
12584,0.99887299993851
12585,0.9777782302215081
12586,-0.3528778793780785
12587,0.9726287042983603
12588,0.4589994918144421
12589,0.034140280479735885
12590,64.44985890569627
12591,5.261063599095801
12592,32.418989165232944
12593,125.8587414804277
12594,3269.7947231397925
12595,0.06374032001250793
12596,34.993792899888916
12597,1024.1350354181318
12598,2.291454347590669
12599,2445.6207187455498
12600,0.0025198174559497993
12601,0.0012044138819453088
12602,5.3158571774331085
12603,35984.267832433965
12604,0.6991829673120572
12605,0.7821524744777838
12606,0.634235098130563
12607,0.8601471608876309
12608,871.3572669664643
12609,0.0010556289627389407
12610,269.7133514117084
12611,0.04302334525629421
12612,50.86756869084485
12613,889.5284734407402
12614,23884.471686074336
12615,26163284.289360344
12616,22.151654865457353
12617,0.0016359578728650786
12618,1786.0690700271175
12619,0.28490494018617285
12620,0.5485518660224282
12621,479.44957564038225
12622,0.00097988648296749
12623,7.3880708497385434
12624,0.09570846246622189
12625,23775.302688848067
12626,-46.402923583984375
12627,27.497257232666016
12628,5864198815.583627
12629,4.428679910283626
12630,28.882155418395996
12631,4.822626517392481
12632,119.73140716552734
12633,21.981982826050178
12634,-2.3436650167791506
12635,3.210378646850586
12636,-138.5673828125
12637,258.29878997802734
12638,12.93382462972083
12639,299.2129443458035
12640,-0.8865279297299528
12641,30.48101554150606
12642,5864198815.583627
12643,0.06266584085127504
12644,929.092308441534
12645,844.9950356455611
12646,28.446238512230767
12647,105258.69048210404
12648,-1591.9591743456342
12649,144.9675417389893
12650,1.7649581357735382
12651,0.9758790988501735
12652,0.9296082168007893
12653,1.7496540174763446
12654,0.8688412989605274
12655,0.9296082168007902
12656,0.01752508241751536
12657,6.689030586523289
12658,0.6413784118915953
12659,0.6135793493289162
12660,0.6413784118915953
12661,0.6135793493289162
12662,0.9993491862262206
12663,0.9827458622800728
12664,-0.47732688824342956
12665,0.9914899254604624
12666,0.4748346363326781
12667,0.04669705281551961
12668,56.892477024461506
12669,5.37338895948943
12670,36.6831249686907
12671,144.96754173898927
12672,2745.2149631417383
12673,0.05819045702313246
12674,40.20636324177396
12675,798.3534813663002
12676,2.9618455428698596
12677,2558.205615230286
12678,0.004775283834077094
12679,0.0019578725550905944
12680,5.62245190878913
12681,29928.895020204305
12682,0.6302382572898853
12683,0.7190283648047667
12684,0.9843467617113941
12685,0.8192797002088841
12686,640.6543798051244
12687,0.0016630427919226104
12688,113.3245934284766
12689,0.03761187966428032
12690,59.86617965686669
12691,647.2970461334219
12692,52662.849319615
12693,47635245.373050116
12694,59.977646061824814
12695,0.0032681160607927772
12696,534.9674742781281
12697,0.1775530946824189
12698,0.42305383304970273
12699,268.0767555622519
12700,0.001221081403862101
12701,8.165992700575899
12702,0.04599929772064549
12703,52190.24509722168
12704,-6.000502466006649
12705,6.067852960215707
12706,5905333347.096658
12707,2.292109984333975
12708,5.761341504900535
12709,88.22036530827752
12710,238.67649038109369
12711,5.075185059620434
12712,7.37493515768991e-05
12713,0.00863866310035373
12714,-228.2800756227017
12715,466.9565660037954
12716,2.429195751151497
12717,300.26052786042976
12718,0.24319241290211352
12719,12.503613134110893
12720,5905333347.096658
12721,0.28714183395667153
12722,156.3403414075104
12723,2161.708089130503
12724,46.500862315693354
12725,10442.436760090794
12726,-8.223978854337012
12727,9.980164679820605
12728,12.468635876084402
12729,-0.10401713874050098
12730,1.435662985111155
12731,2.101095857208751
12732,10.392595516759664
12733,1.4356629851111606
12734,0.09568439621223013
12735,4.336514318474823
12736,0.5944955974250138
12737,0.5603611109266377
12738,0.5944955974250138
12739,0.5603611109266377
12740,0.9987466657975517
12741,0.9858273474947188
12742,-0.06049288633160689
12743,0.4849638315522162
12744,0.48092015786872977
12745,0.15322340381119548
12746,93.00172463138681
12747,2.6868035231159975
12748,5.612200138976246
12749,9.98016467982059
12750,12067.64620740126
12751,0.24907391751120725
12752,8.371078454817553
12753,2170.3675992002236
12754,2.3902136476484923
12755,5177.679738299465
12756,0.0011391192819868374
12757,0.0004955635291905644
12758,3.541138588813597
12759,29383.673096124894
12760,0.6064298157455327
12761,0.7396563528683655
12762,0.5610025128968724
12763,0.8069850554644258
12764,1752.810689070275
12765,0.00040615897696780803
12766,754.2365799256505
12767,0.11215413827890715
12768,51.46438670554579
12769,2209.588401486989
12770,154927.78513011153
12771,335471601.9579182
12772,71.58266069346054
12773,0.0006868078793277274
12774,3470.3915241635686
12775,0.5160433493180028
12776,0.7460453376392474
12777,1656.405108888464
12778,0.0005602638534189656
12779,5.6235106788077225
12780,0.1026701882414009
12781,154832.91897843315
12782,-10.100921733057476
12783,9.931755527608109
12784,5907508467.950377
12785,2.9328250827446665
12786,9.585648762995858
12787,45.47020907799286
12788,279.9353951545664
12789,7.238467158880832
12790,0.05467938049468407
12791,-0.03653247661260625
12792,-242.7690910234067
12793,522.7044861779731
12794,4.060572670154605
12795,300.3158204890399
12796,0.42049734387898396
12797,12.521238671702788
12798,5907508467.950377
12799,0.1801353527390375
12800,156.7814178737454
12801,2449.7566059150527
12802,49.499040334766164
12803,5176.268154155924
12804,20.633460833908302
12805,10.364734670368858
12806,11.959117272262551
12807,-0.0671872597808088
12808,1.9923139321646088
12809,2.588197660966534
12810,7.971081488809951
12811,1.9923139321646144
12812,0.03859787521377272
12813,5.612410560315998
12814,0.4881986008305593
12815,0.42591061633921473
12816,0.4881986008305593
12817,0.42591061633921473
12818,0.9989693015812379
12819,0.9819637665682479
12820,-0.034511005695779126
12821,0.42158705564581866
12822,0.409552283154705
12823,0.0774269571458196
12824,98.99808066953241
12825,3.319107794759039
12826,5.580962985657852
12827,10.364734670368858
12828,8838.407414327505
12829,0.1633833879753174
12830,7.445128981463648
12831,2459.0792654776264
12832,1.776471362894065
12833,4362.0005245196535
12834,0.0007490834189695043
12835,0.0004316580667531528
12836,3.816021257463451
12837,38898.75259498663
12838,0.7172828010832715
12839,0.8257736523106521
12840,0.3006204792612136
12841,0.8713554282605234
12842,2143.8463364917425
12843,0.00037903750521478703
12844,861.5227618371692
12845,0.08734895689315313
12846,30.132365141257083
12847,2495.2654364797727
12848,57148.68792456656
12849,139810442.00669166
12850,23.378864145895715
12851,0.0005303724898656256
12852,4511.5661563418835
12853,0.4574233150503786
12854,0.7032420954414799
12855,1764.502338429149
12856,0.0004074524195862023
12857,5.820969838890339
12858,0.15057785377322483
12859,57104.58394334739
12860,-12.767471220072451
12861,12.527758665336115
12862,5911444709.271478
12863,3.24283363241785
12864,12.00019084397599
12865,39.49403252845893
12866,321.22650677043134
12867,8.952405814878931
12868,0.03978418564326145
12869,-0.03273664121602024
12870,-235.73449779806316
12871,556.9610045684944
12872,5.098302997133569
12873,300.41585578307775
12874,0.3379554458497289
12875,15.027119208669527
12876,5911444709.271478
12877,0.14466065947414444
12878,225.81431171156467
12879,2352.334555259294
12880,48.498468193078736
12881,12771.280104899266
12882,39.20998573769723
12883,16.61926949160268
12884,15.686890635021388
12885,0.02237591566562544
12886,2.3224522055231587
12887,2.7545455961739296
12888,9.984581075988904
12889,2.322452205523168
12890,0.027128749536393257
12891,6.126846829384229
12892,0.46202753158869303
12893,0.3945024670001085
12894,0.46202753158869303
12895,0.3945024670001085
12896,0.9988321727270252
12897,0.980511837883129
12898,-0.06988371726750707
12899,0.5437516512691151
12900,0.3769073940461336
12901,0.05935255873505947
12902,96.99693638615746
12903,3.651195665895985
12904,8.076540031656
12905,16.61926949160266
12906,7524.517946120006
12907,0.13374591278953152
12908,10.319813177200169
12909,2363.6635912704523
12910,1.5804998191835629
12911,3729.7400330276946
12912,0.0007049297351914071
12913,0.0004574261921537899
12914,3.9840418518599
12915,43042.82397383918
12916,0.7635275947779271
12917,0.8589052662730936
12918,0.21882300735937893
12919,0.8957385244425251
12920,2118.319124823366
12921,0.0004129404904393163
12922,928.5482931564471
12923,0.07511311221132884
12924,35.25589062708703
12925,2398.1736773984794
12926,28730.146659116646
12927,67486372.18573046
12928,12.243464281959035
12929,0.0005632604049964872
12930,5589.104675618832
12931,0.45211977638075
12932,0.6993113978863749
12933,1686.2402528798325
12934,0.000432250819756529
12935,6.0143523684808855
12936,0.18872994305430452
12937,28702.071748498834
12938,-21.589666400095663
12939,27.050220668653076
12940,6026710559.573907
12941,4.163148635352664
12942,22.745506913871694
12943,13.830799133608807
12944,333.0108741417748
12945,16.793863658208046
12946,2.2424824881926346
12947,1.9629019664478498
12948,-332.00402029476817
12949,665.014894436543
12950,9.664676589343287
12951,303.33058453351043
12952,-0.46054098539421107
12953,25.669540175384487
12954,6026710559.573907
12955,0.07681338625245324
12956,658.9252928156783
12957,4631.137963914245
12958,68.02721835229842
12959,33909.48520381513
12960,-12.918594639158961
12961,50.10011408658547
12962,36.35893004719976
12963,0.14777475904959245
12964,3.94892219817376
12965,3.456349670111102
12966,19.82418448136444
12967,3.9489221981737845
12968,0.008109687077925925
12969,7.881103526268746
12970,0.3496357245231933
12971,0.26428189004741937
12972,0.3496357245231933
12973,0.26428189004741937
12974,0.9980327893900661
12975,0.9723271502705545
12976,-0.05683384647562001
12977,0.5178628043746749
12978,0.26881838578376865
12979,0.019709816709049116
12980,136.05443670459692
12981,4.628551286017232
12982,21.614761033446346
12983,50.10011408658546
12984,4401.836140204601
12985,0.07366204394494891
12986,28.228510402109695
12987,4645.223174002882
12988,1.3194970959947658
12989,6123.178419530892
12990,0.0003090068346747283
12991,0.00023946866396710537
12992,4.6661720952002685
12993,50472.13100473525
12994,0.8433630968364623
12995,0.9122784972161324
12996,0.11457032930119615
12997,0.9344866292310878
12998,4342.07684725698
12999,0.0002252036859383666
13000,939.8325541455968
13001,0.04483506126064291
13002,60.67844749096918
13003,4671.031437839901
13004,1018.3555481347199
13005,4715925.827545081
13006,0.22012260853175036
13007,0.00027918295313187686
13008,9179.769201412078
13009,0.43792430118366943
13010,0.6882304795844737
13011,3215.0302615749524
13012,0.00021069584106836556
13013,6.724161995645841
13014,0.3200256484633822
13015,1008.5914884044996
13016,-10.099827814765854
13017,9.30422186293871
13018,5912144717.949086
13019,2.9461520998844337
13020,9.129530152970439
13021,62.50063165920939
13022,311.2901556870453
13023,7.942721796729952
13024,-0.07989871057597898
13025,-0.1645444668700661
13026,-329.56366563050364
13027,640.8538213175489
13028,3.877185489351505
13029,300.4336422541625
13030,0.7257808729318662
13031,17.55865144718555
13032,5912144717.949086
13033,0.18692204091270168
13034,308.3062406437512
13035,4419.919498599826
13036,66.48122887526098
13037,40653.54949261165
13038,108.2484818937531
13039,23.339987515723593
13040,22.677251164413367
13041,0.0024176878261923107
13042,2.0328666390466372
13043,2.4962066506550333
13044,18.366770500126698
13045,2.0328666390466497
13046,0.044188075439884386
13047,5.52829168127322
13048,0.5203252163375652
13049,0.4672514774269636
13050,0.5203252163375652
13051,0.4672514774269636
13052,0.998765218971046
13053,0.9853265550698423
13054,-0.0820209749731926
13055,0.5824978394042817
13056,0.42853826070201867
13057,0.08976198218343052
13058,132.96245775052222
13059,3.4195000492018104
13060,11.504309670034239
13061,23.33998751572354
13062,9008.716345642399
13063,0.16793216176124007
13064,14.877513115365254
13065,4435.443937634897
13066,1.8130502866334366
13067,8029.284205575052
13068,0.0004342146204339548
13069,0.00025007822598271744
13070,3.8721416329822924
13071,38054.02961300875
13072,0.7080641613393399
13073,0.8189364108357715
13074,0.31546885791954965
13075,0.866530833837687
13076,3845.520562555382
13077,0.00021983991636656544
13078,759.5601741474034
13079,0.07873537619440275
13080,70.0122864106161
13081,4509.685083445631
13082,60180.902560381466
13083,266071915.9162434
13084,13.617707971701966
13085,0.00035581725928028526
13086,4671.11236653882
13087,0.4842036246023448
13088,0.7235261382684396
13089,3283.383069249751
13090,0.00029245762985444555
13091,6.058362516425824
13092,0.14728019419550847
13093,60134.801458715636
13094,-16.165599790247345
13095,21.58429308615454
13096,6009566470.172144
13097,3.8621301955076657
13098,17.30496163091084
13099,30.192245019174873
13100,336.24713975997327
13101,14.171276032966537
13102,1.8392533798402866
13103,1.8414182269572448
13104,-350.3267427422542
13105,686.5738825022274
13106,7.408314719052945
13107,302.8988373805862
13108,-0.7767491290829202
13109,25.313451080628287
13110,6009566470.172144
13111,0.09928955934233122
13112,640.7708056113614
13113,5169.058109806964
13114,71.86518653992259
13115,93637.38341637152
13116,-587.2874697017302
13117,52.68609094883739
13118,34.87404197635594
13119,0.18798252502043197
13120,3.1669188306050473
13121,3.1363135269311773
13122,24.397356497278498
13123,3.1669188306050575
13124,0.013506989183157812
13125,7.253038698537759
13126,0.40487570985817
13127,0.32684388812116477
13128,0.40487570985817
13129,0.32684388812116477
13130,0.9983552100301885
13131,0.9786931092398403
13132,-0.07074859316377795
13133,0.5910791628426212
13134,0.32558205505280635
13135,0.032730262955921144
13136,143.73037307984535
13137,4.398830227773536
13138,21.890033231298272
13139,52.68609094883722
13140,5429.971099367762
13141,0.09366489798228281
13142,28.342133603171575
13143,5192.168343425169
13144,1.443365201457161
13145,7488.137884007979
13146,0.0003046971093190448
13147,0.00021870578475360235
13148,4.498096036328336
13149,46493.265408324936
13150,0.8006515581184266
13151,0.8850011685082914
13152,0.16238888209804075
13153,0.9143200388744777
13154,4748.23915085633
13155,0.00020208539794568916
13156,769.0885270923429
13157,0.048911760817371086
13158,81.63612840368785
13159,5203.466993131518
13160,9840.945878911218
13161,50677934.10512592
13162,1.9121301253221406
13163,0.0002845438103759936
13164,6764.6595013991355
13165,0.43021238243444004
13166,0.6821172375054356
13167,3544.002097887512
13168,0.00022186118257038831
13169,6.763778880859568
13170,0.24005740370376025
13171,9823.593069755463
13172,-18.382162746403484
13173,23.64568826736904
13174,6021060757.268509
13175,4.027002566168623
13176,19.51006366646969
13177,36.468120445358224
13178,379.23803020842973
13179,16.041949329810137
13180,1.7546331519537137
13181,1.4044957017753186
13182,-499.9437273805694
13183,879.1817575889991
13184,8.319550281730965
13185,303.1883709949443
13186,-0.4485965740860347
13187,29.45046142079664
13188,6021060757.268509
13189,0.08875419104066651
13190,867.3296778978312
13191,10194.716555782987
13192,100.87001363550684
13193,448531.78354610706
13194,-495.18639354349017
13195,102.35132829324962
13196,22.523851963159245
13197,0.6374171231082066
13198,2.636696630995411
13199,2.9209433582559425
13200,15.463549647135846
13201,2.636696630995426
13202,0.012205263016420454
13203,7.38389521145826
13204,0.4383866563585555
13205,0.36608920939289447
13206,0.4383866563585555
13207,0.36608920939289447
13208,0.9992948613472513
13209,0.9856633754167823
13210,-0.12533134577704175
13211,0.7793108565696023
13212,0.3618960564516516
13213,0.029149746803616525
13214,201.74002727101407
13215,4.777104077299951
13216,31.218795064102252
13217,102.35132829324951
13218,4959.701188121654
13219,0.08427679540730626
13220,37.97163328372697
13221,10208.986759772864
13222,1.3804782547427998
13223,14079.243683006938
13224,0.00015466353919046718
13225,0.00011716327016323545
13226,4.602444807086315
13227,48404.052909727594
13228,0.8213738894823958
13229,0.8984125902951577
13230,0.13819969929724515
13231,0.9243294010332063
13232,9438.934221087506
13233,0.00010970561339952465
13234,850.1641643835617
13235,0.046584337774441736
13236,100.6896419771064
13237,10254.294191780822
13238,5867.216712328767
13239,59538143.801808216
13240,0.5784105875762315
13241,0.0001585268196649036
13242,7955.398356164384
13243,0.4359122386939388
13244,0.6866252355854902
13245,7038.572589857685
13246,0.00012756862595098855
13247,6.81039813064084
13248,0.2786217004320545
13249,5854.335103018202
13250,492.7244253431291
13251,713.8947850694717
13252,53535449888.94318
13253,6.276601319336793
13254,113.2375861058299
13255,5.820088936555769
13256,1186.5322095475833
13257,74.25928224790218
13258,598.2782443545988
13259,602.686355400662
13260,-52.88480980353879
13261,1239.417019351122
13262,47.03624710066128
13263,904.0589773903752
13264,-0.8456106591701295
13265,102.07267175571995
13266,53535449888.94318
13267,0.016291118430672914
13268,10418.83031935095
13269,17148.27031642286
13270,129.64573640939034
13271,12849760.110459406
13272,-55885.327184066846
13273,1474.114568445587
13274,113.18568048252288
13275,0.8573420850433989
13276,6.966752245427995
13277,4.263900002205929
13278,63.760158573594566
13279,6.9667522454280615
13280,0.0007194467713566864
13281,11.226077314220207
13282,0.25511254423764573
13283,0.1668996974365426
13284,0.25511254423764573
13285,0.1668996974365426
13286,0.9982097405085947
13287,0.9736614018206802
13288,-0.19581525573510317
13289,0.952193498524741
13290,0.1734308146234222
13291,0.0020147674895842835
13292,259.29147281878136
13293,7.159897503775975
13294,396.8250622320263
13295,1474.1145684455885
13296,1010.0617793728487
13297,0.016176750673112635
13298,421.3922583448129
13299,17650.07989116759
13300,1.1553933076438487
13301,20287.836602069863
13302,0.0001324018881641286
13303,0.00012216074059920282
13304,6.564770428905167
13305,57007.6632525087
13306,0.9128507432414928
13307,0.9532444014360344
13308,0.054533863888081506
13309,0.9653455527540393
13310,17061.01632538511
13311,0.00011987956507944883
13312,524.4191130895363
13313,0.014774866543346376
13314,492.30997219757757
13315,18033.7206006649
13316,9.64126331210909
13317,161897.9015326534
13318,0.0007336006011878066
13319,0.00016541818371015627
13320,17938.454104919143
13321,0.5053939850374469
13322,0.7389434546740816
13323,13462.93533999119
13324,0.00014850202171982804
13325,7.998014531043499
13326,0.5418848567197447
13327,6.23572342844235
13328,33.0
13329,65501.0
13330,65501.0
13331,35203.95621965655
13332,0.5374567750058251
13333,0.22321563224568794
13334,4.479972974739174
13335,107.09341716464182
13336,97.16480844420988
13337,83.93449827097318
13338,106.6770828247567
13339,78.94273937572368
13340,65.12623074137767
13341,37.58229965620645
13342,0.8249806284452952
13343,0.4760703764957477
13344,186.09480540522816
13345,382.8254923626226
13346,23287458785.794655
13347,5.98219458394643
13348,106.96037349139894
13349,3.6731673105539837
13350,680.7865328029482
13351,63.249509319473034
13352,290.7229068177414
13353,291.1451722271378
13354,23.744238498640506
13355,657.0422943043077
13356,43.76206032435701
13357,596.2619340588861
13358,0.4113033472067998
13359,81.08477889494117
13360,23287458785.794655
13361,0.01909789852717092
13362,6574.741368441496
13363,3354.3162523324418
13364,55.78865870036209
13365,3777078.1717669787
13366,13047.275198459261
13367,994.9165118392978
13368,27.26727213116753
13369,0.9465741392470517
13370,3.7348072864045916
13371,3.442256241856603
13372,13.002666647542027
13373,3.7348072864046364
13374,0.0014570030348786864
13375,10.136337808267601
13376,0.3546700735678766
13377,0.2695158147893018
13378,0.3546700735678766
13379,0.2695158147893018
13380,0.9984721978536917
13381,0.9733461700346394
13382,-0.29703715528549507
13383,0.98395927188162
13384,0.2654893290209666
13385,0.005413975751803522
13386,111.57731740072416
13387,6.956865428025858
13388,255.54594599261657
13389,994.9165118392988
13390,1127.599831319278
13391,0.018891723866778516
13392,264.34602999534445
13393,3234.672372844471
13394,1.3475569408056403
13395,4412.076233689823
13396,0.0007361973559759768
13397,0.0005771818077069388
13398,6.4436999656611045
13399,50928.246762205454
13400,0.8526733923392636
13401,0.9111839748776609
13402,0.14073819160819592
13403,0.9385067662595282
13404,3025.240676443792
13405,0.0005486108229126416
13406,412.2093308241061
13407,0.01804058518202574
13408,291.23534143015866
13409,3069.626548207799
13410,270.97645411177734
13411,959573.2247363123
13412,0.09931509973288445
13413,0.000717719094820334
13414,9441.270383824238
13415,0.41320278278367706
13416,0.6678656486278045
13417,2044.666823641921
13418,0.0004969736483800824
13419,8.009618043247825
13420,0.3488343689409322
13421,262.75854250800165
13422,-27.874906539916992
13423,8.863974571228027
13424,5569834159.187132
13425,3.6688296595022414
13426,18.14058005809784
13427,5.426646919459214
13428,98.63456726074219
13429,11.86666393121229
13430,-8.830425700802033
13431,-8.180827140808105
13432,-136.0735321044922
13433,234.70809936523438
13434,7.656978762627779
13435,291.6064776097395
13436,-0.30470912058614946
13437,15.95671602753348
13438,5569834159.187132
13439,0.0994127320861684
13440,254.61678638334382
13441,710.1579697988014
13442,26.519678608759683
13443,6021.341523969419
13444,-80.09497013957863
13445,32.855475030664046
13446,5.39774237188937
13447,0.7172741861227592
13448,1.600247416483704
13449,2.382422467189495
13450,2.7905905092142307
13451,1.6002474164837075
13452,0.01806434475250532
13453,6.609155850463958
13454,0.5308823323480885
13455,0.4778790248881255
13456,0.5308823323480885
13457,0.4778790248881255
13458,0.9976943625774868
13459,0.9687823606920453
13460,-0.17088727701827308
13461,0.8315617782608026
13462,0.42742490952398854
13463,0.04262415766972879
13464,53.039357217519374
13465,4.499901847639583
13466,9.563304350638356
13467,32.855475030664
13468,4969.363976283936
13469,0.09395582231238037
13470,11.283288344052627
13471,725.8914860366511
13472,1.9678681591107352
13473,1426.737227219761
13474,0.0028854648123953714
13475,0.0015035940270043996
13476,4.5902286755589135
13477,37342.429323584205
13478,0.7038295247575834
13479,0.8069213270965923
13480,0.41552189497228625
13481,0.863755976886316
13482,628.0012162077164
13483,0.0013058563934532307
13484,501.21051323474586
13485,0.062285387502764494
13486,23.881071254033728
13487,763.2925313781534
13488,20780.310301975893
13489,15217170.29004598
13490,28.596075639850476
13491,0.0016798642053034059
13492,2470.4648937492234
13493,0.30700446051313823
13494,0.571695920942841
13495,445.51056058269245
13496,0.0010098183765562326
13497,6.821675631168329
13498,0.12285308621242423
13499,20714.053898457783
13500,-64.29867553710938
13501,9.641279220581055
13502,4935375062.438852
13503,4.619305538199528
13504,39.438350200653076
13505,3.500247668830647
13506,114.7750244140625
13507,23.655639119987438
13508,-27.158045669186475
13509,-26.02843475341797
13510,-158.0712890625
13511,272.8463134765625
13512,16.26863938843765
13513,274.4960605218394
13514,-0.30892286153255805
13515,30.089120940160107
13516,4935375062.438852
13517,0.048416524535136514
13518,905.3551989515814
13519,733.9620133602581
13520,26.499013956200915
13521,62541.67224352539
13522,-486.8790277153172
13523,133.0567197846234
13524,6.026387621791002
13525,0.9132856194387788
13526,1.855358492449463
13527,2.474114347984416
13528,2.4773556291350327
13529,1.855358492449466
13530,0.006329029315264517
13531,7.823296868539851
13532,0.47575586513543067
13533,0.40729911408784086
13534,0.47575586513543067
13535,0.40729911408784086
13536,0.9980240129333128
13537,0.9681135233891874
13538,-0.29476178500184747
13539,0.962235064763825
13540,0.3936149117843235
13541,0.012721888032029125
13542,52.99802791240181
13543,5.553439428158104
13544,34.770776851603635
13545,133.05671978462337
13546,2714.030997105053
13547,0.04838126953186198
13548,36.62945063396988
13549,775.5324184952989
13550,1.6862135231158069
13551,1278.6320042505442
13552,0.003008510591343335
13553,0.0017903736076518508
13554,5.2817775266446185
13555,44236.59407001233
13556,0.7871472190275772
13557,0.8563838720019554
13558,0.3151201844807101
13559,0.9066870829891089
13560,707.9691641672723
13561,0.0016136749892830945
13562,372.38205679375494
13563,0.04212943283106177
13564,49.142296992406706
13565,855.0752347550628
13566,3833.1398348229436
13567,2677548.1870121052
13568,5.825431203043949
13569,0.0019391521933289724
13570,2350.0512501414187
13571,0.2658729777284103
13572,0.529400568434135
13573,460.02576121935294
13574,0.0010418359075332311
13575,7.5823329893042954
13576,0.13494450466405092
13577,3778.2250112095003
13578,-73.27098083496094
13579,1.4411624670028687
13580,4639345814.239787
13581,4.658103450059483
13582,40.22652053833008
13583,3.82548510822806
13584,97.00547790527344
13585,24.23052455846359
13586,-35.69620258036622
13587,-34.649654388427734
13588,-173.2897186279297
13589,270.2951965332031
13590,16.520092023329937
13591,266.13647952613655
13592,-0.417457955232919
13593,31.178973750379964
13594,4639345814.239787
13595,0.047656073190782806
13596,972.1284041268829
13597,816.9697187556711
13598,27.94643925591673
13599,84068.27933393342
13600,-761.213382054749
13601,147.0452164399966
13602,3.1976310078330235
13603,0.9573936493973788
13604,1.3526258713910713
13605,2.0726097897895115
13606,1.307266535480871
13607,1.3526258713910715
13608,0.008487208117000836
13609,7.419117557802323
13610,0.5423347145561526
13611,0.49070999431136275
13612,0.5423347145561526
13613,0.49070999431136275
13614,0.9989471880194332
13615,0.9764081566447892
13616,-0.3976802140474207
13617,0.985995062315573
13618,0.4561937237764555
13619,0.019479794751394705
13620,55.89287851183344
13621,5.6121712361266045
13622,37.56071186195735
13623,147.04521643999652
13624,2500.2348251002445
13625,0.04704755625319958
13626,40.29958194712339
13627,850.8046661046428
13628,2.0558709429537343
13629,1712.1491140711116
13630,0.0034081534498493654
13631,0.0017167853243084939
13632,5.488446011126698
13633,39445.53273942765
13634,0.7393058708670635
13635,0.8108155718115886
13636,0.5139639500985582
13637,0.8811865577084125
13638,754.8544543708576
13639,0.0015062843886361878
13640,162.18408415275553
13641,0.03708760213875041
13642,64.01436949579742
13643,934.8378687399954
13644,17198.15755774068
13645,13905034.967299337
13646,22.66593213703251
13647,0.002277051564636991
13648,890.2970500800366
13649,0.2035895380928508
13650,0.45685007686282675
13651,432.4315388082849
13652,0.0012510127974952239
13653,8.081160389268943
13654,0.06676233950626707
13655,16973.801961906964
13656,-1.144012777396594
13657,1.1288019277022554
13658,5897603428.000427
13659,1.3269097471591138
13660,1.1012738413243937
13661,160.69377038587126
13662,172.4028729712145
13663,1.4785941181489872
13664,0.0037186463269800953
13665,0.003008877287720562
13666,-134.8019640167743
13667,307.20483698798876
13668,0.46351417863203614
13669,300.0639471191663
13670,1.2985631994586337
13671,6.011751750473607
13672,5897603428.000427
13673,0.46656827273228935
13674,36.14115910932248
13675,756.2568795835398
13676,27.503024865901736
13677,1152.3461903677182
13678,2.6067266927444206
13679,2.7363634841476454
13680,3.374365531492776
13681,-0.09833011312517412
13682,0.7367726193046458
13683,1.270031536899859
13684,2.8129579237294
13685,0.7367726193046463
13686,0.24042001455318945
13687,2.457817112815186
13688,0.7175060878044156
13689,0.7137379382992002
13690,0.7175060878044156
13691,0.7137379382992002
13692,0.9992082782520115
13693,0.9888185104529168
13694,-0.11414346244945334
13695,0.5048613651764792
13696,0.5145041720277522
13697,0.2894145874468357
13698,55.006049731803444
13699,1.7454894411393427
13700,1.5276822539101031
13701,2.7363634841476454
13702,17690.643851697525
13703,0.4467328863835588
13704,2.5740897481210516
13705,759.0980133017929
13706,3.991120771742989
13707,3022.417543890042
13708,0.005339209981311487
13709,0.0013802386165317876
13710,3.0579627886088265
13711,17448.271897479794
13712,0.4369904137816455
13713,0.6040448002555455
13714,1.183404092957733
13715,0.6802080388636789
13716,517.1461791919262
13717,0.0009568168076308579
13718,83.19634146341464
13719,0.050729476502082094
13720,48.932120389649015
13721,818.2164634146342
13722,1197408.8176829268
13723,906057157.5609756
13724,1584.5430142730322
13725,0.002613707242608145
13726,932.7243902439025
13727,0.5687343842950625
13728,0.7820374711106566
13729,653.3524874163999
13730,0.002289367081896087
13731,5.98972838548341
13732,0.025037785682661334
13733,1195813.6433071834
13734,-5.813724338545464
13735,5.925425954579342
13736,5901605564.28861
13737,2.209580618717037
13738,5.465323308437322
13739,49.54382526156926
13740,129.7731222408271
13741,4.217675261053552
13742,0.07553780919764165
13743,0.012295737910358762
13744,-165.51495441882406
13745,295.28807665965115
13746,2.3253349037739643
13747,300.16574212471414
13748,0.13236111704398087
13749,7.358284705091878
13750,5901605564.28861
13751,0.29410514001108407
13752,54.14435380118906
13753,1191.5999744499386
13754,34.52087517234329
13755,696.7077851826652
13756,4.159681357500718
13757,3.816872499544443
13758,4.181307579552469
13759,-0.04184375383497354
13760,1.142118253196192
13761,1.9741506693429092
13762,2.8692713775531447
13763,1.1421182531961942
13764,0.10266136511619162
13765,4.199504490086079
13766,0.617566812325381
13767,0.5870745556739191
13768,0.617566812325381
13769,0.5870745556739191
13770,0.9988998224229848
13771,0.9819674577003472
13772,-0.043628943959650474
13773,0.4128683393201334
13774,0.47875811533951673
13775,0.16070903399572978
13776,69.04175034468655
13777,2.6411486901405063
13778,1.999545019774229
13779,3.8168724995444414
13780,11619.751343716332
13781,0.2527558346781807
13782,3.0270670188926943
13783,1194.5517753644174
13784,3.1858348576957534
13785,3797.7686889622373
13786,0.0027081956276463386
13787,0.0008695392875481078
13788,3.6181805713254827
13789,26228.362039894047
13790,0.5620680469064101
13791,0.6995606643703621
13792,0.9475140177366981
13793,0.7735307646613894
13794,924.7344533584279
13795,0.000679008484118142
13796,553.9463374821465
13797,0.11302720617876892
13798,17.320774722488334
13799,1213.8228932870843
13800,219581.72515813098
13801,261627582.30769232
13802,184.44886078642662
13803,0.0010882097370758063
13804,1640.0920220363191
13805,0.334644362790516
13806,0.5994052107330116
13807,734.4659522840041
13808,0.0007441982564296507
13809,6.078548155260763
13810,0.07482328514068487
13811,219403.10665080036
13812,-2.1191416657633897
13813,2.2430008668061414
13814,5900857087.263514
13815,1.4880028429165562
13816,1.6753310701293609
13817,165.55426807888307
13818,169.06346212931612
13819,1.9939267383429746
13820,0.08628495491609275
13821,0.030551162125770623
13822,-172.12761371140925
13823,341.1910758407254
13824,0.7481361693705303
13825,300.1467071110119
13826,-0.19238085678155817
13827,6.022239744520001
13828,5900857087.263514
13829,0.43759221350327815
13830,36.267371540476326
13831,1261.8547737973872
13832,35.52252870292891
13833,1308.2568475383966
13834,0.46942786827032185
13835,2.8911838483892445
13836,2.872286524214351
13837,-0.0007553727158537415
13838,0.6746909558657781
13839,1.3163899829847818
13840,2.392001173519337
13841,0.6746909558657781
13842,0.21965793957370527
13843,2.7389020668652466
13844,0.7382358581239983
13845,0.732445535256499
13846,0.7382358581239983
13847,0.732445535256499
13848,0.9994494988145319
13849,0.9907133854953334
13850,-0.10904514206137221
13851,0.49095910718291974
13852,0.46060420059606766
13853,0.26890614628401566
13854,71.0450574058579
13855,1.9858642066558607
13856,1.440867593150899
13857,2.891183848389246
13858,15596.446235887995
13859,0.40234837638572074
13860,2.5632390069935527
13861,1264.1763395112055
13862,4.421047048903241
13863,5583.893068600373
13864,0.003546650683888925
13865,0.0008348329462137523
13866,3.308702569278324
13867,16940.835415177
13868,0.43145356037896576
13869,0.5908165817785522
13870,1.4010880013659983
13871,0.6741948546258959
13872,853.1300525884652
13873,0.0005763123792114425
13874,266.2139303482587
13875,0.11037061788899614
13876,30.984372636540904
13877,1307.2985074626865
13878,746018.8221393034
13879,941924896.1985904
13880,591.3263660571837
13881,0.001431439285266129
13882,1014.5
13883,0.42060530679933666
13884,0.6737275742328557
13885,887.629596224767
13886,0.0011688099111851616
13887,5.748935261665496
13888,0.03682386528449947
13889,745281.3574105358
13890,-24.418121414125128
13891,15.988604685692206
13892,5778291828.863152
13893,3.8426096411807613
13894,18.363177239422175
13895,7.7208026788225705
13896,179.1310263757911
13897,13.220327823638168
13898,-3.5951818553085046
13899,-3.4040337921585495
13900,-149.2935158367775
13901,328.42454221256855
13902,7.8551916789670395
13903,297.01321357539535
13904,0.2492360024360187
13905,19.00086363815539
13906,5778291828.863152
13907,0.09410480209237715
13908,361.0328189957757
13909,883.3655694027066
13910,29.64155612577548
13911,8472.023340837475
13912,13.197236886355965
13913,35.16055845073331
13914,16.18680893956836
13915,0.3623993134187606
13916,2.5927561073693037
13917,2.926839783337705
13918,9.024962945195712
13919,2.5927561073693095
13920,0.013785881256363446
13921,7.184235219362731
13922,0.44201578372345723
13923,0.37183706790516685
13924,0.44201578372345723
13925,0.37183706790516685
13926,0.9964294487868713
13927,0.9639186028848256
13928,-0.08816343304439654
13929,0.5983065624979024
13930,0.3564514093259524
13931,0.03746802975356333
13932,59.28311225155088
13933,4.493775138512756
13934,12.836841847575418
13935,35.16055845073332
13936,4909.704443803528
13937,0.0882201143436672
13938,16.019344556608026
13939,903.3620154786809
13940,1.7054576943211956
13941,1532.1884069652365
13942,0.0020457523214654494
13943,0.00123067950631773
13944,4.614191348942829
13945,42329.67992176633
13946,0.7551761971540588
13947,0.8487175181118791
13948,0.2857899134546925
13949,0.889812779665417
13950,805.1801592588088
13951,0.0011026100607522589
13952,586.5313989464001
13953,0.04904518763662515
13954,37.94733140722649
13955,944.9195584915127
13956,10993.878334308889
13957,9873936.466594197
13958,12.291011906941769
13959,0.0014203492308889714
13960,4186.621373024501
13961,0.3500812252717201
13962,0.6134094282354593
13963,589.2950341803796
13964,0.000934891507454055
13965,6.93647083735181
13966,0.1825773652310652
13967,10963.879379137743
13968,-1.916823875722082
13969,2.2576279030369695
13970,5906143000.230372
13971,1.5228836671994996
13972,1.6564433350197603
13973,107.02114180993
13974,147.1489106005049
13975,2.312012829975005
13976,0.17631402922358125
13977,0.054571068015450225
13978,-180.25567660194275
13979,327.40458720244766
13980,0.7324004178762074
13981,300.2811108259271
13982,-1.3773786312134577
13983,7.932591927087234
13984,5906143000.230372
13985,0.4386082025259277
13986,62.92601468168956
13987,1409.1945137023517
13988,37.53949698866475
13989,3057.26116858516
13990,-16.158043353738798
13991,5.069659706022352
13992,5.147020140366639
13993,-0.016824028595987736
13994,0.7603189752562978
13995,1.3558198126730856
13996,4.537645129886137
13997,0.7603189752562983
13998,0.22298090488879752
13999,2.7731776074603216
14000,0.7427267903766689
14001,0.7373958543450548
14002,0.7427267903766689
14003,0.7373958543450548
14004,0.9989810679413276
14005,0.9895408337848608
14006,-0.13214287946894662
14007,0.5459112481548768
14008,0.446211516787373
14009,0.2722721884341402
14010,75.0789939773296
14011,2.032792370003719
14012,2.5541699615972497
14013,5.069659706022349
14014,15349.56941967973
14015,0.40123704788358006
14016,4.44126264270567
14017,1413.896423009524
14018,4.545556285327881
14019,6412.93104845444
14020,0.003267791282665845
14021,0.0007508791622793382
14022,3.403635245234756
14023,16421.05518234611
14024,0.4241633457791245
14025,0.5829775940003269
14026,1.4617616050079572
14027,0.6686698757833701
14028,947.1011143065372
14029,0.0005154300795253721
14030,193.6786671773267
14031,0.07417796521536832
14032,52.29377228973082
14033,1478.9398697816928
14034,692556.4232094983
14035,976125940.7188816
14036,491.71334507634367
14037,0.0012760702048668412
14038,1269.5997702029874
14039,0.48625039073266463
14040,0.7250630667761878
14041,1076.928534942743
14042,0.0010738174115383643
14043,6.07430089943092
14044,0.03986198683989557
14045,691927.0878736676
14046,-22.417599944812743
14047,12.745236667011767
14048,5765390613.478155
14049,3.6622546092473187
14050,15.004216700614021
14051,15.646164854398334
14052,240.44510853175274
14053,11.830217825893799
14054,-3.8967836274099983
14055,-3.1004845773665175
14056,-189.087291378883
14057,429.5323999106357
14058,6.554637934948801
14059,296.68145699564195
14060,0.21742324104944097
14061,18.51410756326371
14062,5765390613.478155
14063,0.11245393937917078
14064,342.7721788640985
14065,1418.5893756374235
14066,37.60103235094187
14067,14877.943906745018
14068,-81.86946032983712
14069,33.55720659280965
14070,14.550501851998078
14071,0.3839663247095832
14072,2.184897173255884
14073,2.7113892966712596
14074,9.52645301807649
14075,2.184897173255892
14076,0.020598962225832098
14077,6.749694677835354
14078,0.486929204579717
14079,0.4264058885867955
14080,0.486929204579717
14081,0.4264058885867955
14082,0.9982035419321079
14083,0.9765126434399816
14084,-0.11264015724732415
14085,0.6883780907900781
14086,0.3952979238734257
14087,0.058843989021917543
14088,75.2020647018838
14089,4.343292998524641
14090,12.026927111201946
14091,33.55720659280966
14092,5488.4651301506965
14093,0.10213753655073367
14094,15.842963346909283
14095,1437.4635856715552
14096,1.8959200194824137
14097,2721.8007735026304
14098,0.0013920580749852145
14099,0.0007589863474344052
14100,4.574753812214664
14101,38644.10998914758
14102,0.7146585594309923
14103,0.8190115711680277
14104,0.3710994198464504
14105,0.8686102592470237
14106,1249.485612474892
14107,0.0006656010137283744
14108,510.8214391764822
14109,0.050561361890179374
14110,47.62676703535687
14111,1481.6766307037515
14112,20533.714441255073
14113,29701912.17440364
14114,14.220512188408074
14115,0.0009295646281555601
14116,3483.5499356626747
14117,0.34480351733768927
14118,0.6089268074842563
14119,915.5028172006
14120,0.0006353247417040641
14121,7.032213066039364
14122,0.15424191997068748
14123,20491.68097987933
14124,-14.52858239796584
14125,6.708341666446211
14126,5821407183.408197
14127,2.914706251549746
14128,6.562135286491563
14129,48.23443080614118
14130,335.8812299573314
14131,7.644319247810055
14132,-2.265748134284032
14133,-1.0387194983319716
14134,-187.23796799300956
14135,523.119197950341
14136,3.217511804108284
14137,298.11925244209556
14138,1.722716817490781
14139,15.146086708992316
14140,5821407183.408197
14141,0.21875134044767783
14142,229.40394259631367
14143,1447.944803001935
14144,37.967098522412236
14145,40724.5712355365
14146,251.16649884380183
14147,30.04528814025751
14148,4.268523674283177
14149,0.7495705395944197
14150,0.8478807068807909
14151,1.7354905736104604
14152,3.5365703356244094
14153,0.8478807068807954
14154,0.10826783304341246
14155,4.791459808878553
14156,0.7305430425859335
14157,0.7119582721254888
14158,0.7305430425859335
14159,0.7119582721254888
14160,0.9996336040145096
14161,0.9923344276554016
14162,-0.32019045465378676
14163,0.9122022068677778
14164,0.3552690126041398
14165,0.26259600610583667
14166,75.93419704482456
14167,3.6975915997577617
14168,8.57845295363517
14169,30.045288140257487
14170,7818.497202306505
14171,0.16730157221617464
14172,12.756295444873007
14173,1454.0767010703987
14174,3.4219073975148033
14175,4992.2816236372055
14176,0.0024156898895311488
14177,0.0007524027458863208
14178,4.365244170847847
14179,28828.4041144984
14180,0.6072899201039289
14181,0.7057238116153253
14182,1.235865563856421
14183,0.8020045071858976
14184,1165.0994022945538
14185,0.0006158310246777301
14186,404.55713687735454
14187,0.05644720760113779
14188,54.66513557275336
14189,1475.9035858797265
14190,103585.31114831868
14191,151885104.14803964
14192,70.68545876342647
14193,0.0010296876262892425
14194,2259.7939165620205
14195,0.3153054160125604
14196,0.5812483756456814
14197,880.8592923913434
14198,0.000713691600967382
14199,7.087297074066926
14200,0.10941817682172791
14201,103501.78526987044
14202,526.7899143709076
14203,1080.6072161730935
14204,85680936481.76146
14205,7.507765952952688
14206,300.6529545022779
14207,3.7683310028678196
14208,1876.47713143588
14209,178.84799614389692
14210,820.3852212760092
14211,821.7636327231992
14212,-65.59069598690076
14213,1942.0678274227807
14214,122.83622337024032
14215,1143.715843077884
14216,0.3466021704859449
14217,229.83229897832712
14218,85680936481.76146
14219,0.006549544432872152
14220,52822.88565366314
14221,35020.75048235879
14222,181.86402804514523
14223,246911696.03989142
14224,264881.7803768762
14225,7983.633696218303
14226,199.74410307000005
14227,0.9511060790081325
14228,10.176259846937953
14229,4.808539989534724
14230,93.68244034164007
14231,10.176259846938276
14232,0.00018880730423163076
14233,12.958145214702384
14234,0.19857740797090637
14235,0.11819854969848548
14236,0.19857740797090637
14237,0.11819854969848548
14238,0.9986958690245968
14239,0.9751321085796942
14240,-0.26663580748799043
14241,0.9898792072952625
14242,0.12299273971838177
14243,0.0007519552984159488
14244,363.7280560902909
14245,8.45485465587133
14246,2045.8444498220827
14247,7983.633696218325
14248,414.0456581479623
14249,0.006536638516365099
14250,2116.691604508977
14251,33953.22838061379
14252,1.1102203992426878
14253,37851.88630228497
14254,6.884914798012206e-05
14255,6.471192773028139e-05
14256,7.713881329180965
14257,59536.818591245305
14258,0.9398087943003886
14259,0.9670386711653293
14260,0.040621068140386025
14261,0.9763489423273496
14262,33112.64575400411
14263,6.382577412206275e-05
14264,279.3219771336182
14265,0.0064515989637052365
14266,2181.7749029290226
14267,33215.681325788195
14268,5.290379951495554
14269,175712.6386880702
14270,0.000255684708444383
14271,7.742054308257441e-05
14272,25946.42242753205
14273,0.5992937389428813
14274,0.8021250353768499
14275,26329.156776192198
14276,6.976603868705785e-05
14277,8.740442040551313
14278,0.6609822750797698
14279,3.001513925879416
14280,33.0
14281,65501.0
14282,65501.0
14283,35203.95621965655
14284,0.5374567750058251
14285,0.22321563224568794
14286,4.479972974739174
14287,107.09341716464182
14288,97.16480844420988
14289,83.93449827097318
14290,106.6770828247567
14291,78.94273937572368
14292,65.12623074137767
14293,37.58229965620645
14294,0.8249806284452952
14295,0.4760703764957477
14296,274.0481311581276
14297,549.9962516754979
14298,35361614261.83233
14299,6.298230920888384
14300,156.41979023979275
14301,2.378362944064284
14302,746.2588186744833
14303,85.986613246784
14304,427.4954275365536
14305,443.7488469843179
14306,-24.03486533657198
14307,770.2936840110553
14308,64.49704418189302
14309,734.7541978571599
14310,-0.41647805673679544
14311,103.02492019955845
14312,35361614261.83233
14313,0.014292134657902845
14314,10614.134182125386
14315,8993.7440655694
14316,92.96435684303502
14317,5728900.21308207
14318,-30138.46055168922
14319,1509.7652547173038
14320,104.54997487268932
14321,0.8703782120373786
14322,7.358358071605948
14323,4.3581320051731165
14324,49.52266300224813
14325,7.358358071606
14326,0.0005688128801878524
14327,11.364073895631993
14328,0.23684983103561594
14329,0.14959512372515402
14330,0.23684983103561594
14331,0.14959512372515402
14332,0.9957557403439554
14333,0.9563661449584997
14334,-0.1818444040969234
14335,0.943889387702598
14336,0.15377363747032685
14337,0.002142220547077563
14338,185.92871368607015
14339,7.213818485623008
14340,403.57880739749976
14341,1509.765254717305
14342,887.7555850445563
14343,0.014186131791002662
14344,423.8151244676853
14345,8648.190815302702
14346,1.151196682575212
14347,10154.903024355315
14348,0.0001863125552276985
14349,0.00016728481585124457
14350,6.566893574486357
14351,57475.53018777914
14352,0.91825783142608
14353,0.9553700295826382
14354,0.055010830316270916
14355,0.9675175209486253
14356,8327.79269440482
14357,0.0001631436308370911
14358,505.19232015554115
14359,0.013642047962722541
14360,409.5683895504118
14361,8007.36549470728
14362,12.230692374162887
14363,132663.5358338734
14364,0.0014249198467282266
14365,0.0001918720731678794
14366,19542.944858500756
14367,0.5277312826339586
14368,0.7547386612108986
14369,5865.613514031547
14370,0.00015642683267099035
14371,7.815548060550679
14372,0.5653654142684844
14373,9.102153719785347
14374,-55.10059356689453
14375,19.11933135986328
14376,5337450899.661582
14377,4.6433755592953165
14378,36.79048299789429
14379,4.415745777743565
14380,149.4650421142578
14381,23.57323398261662
14382,-16.239082490291118
14383,-14.053594589233398
14384,-186.83917236328125
14385,336.30421447753906
14386,15.470186832437639
14387,285.4585012314
14388,-0.3459456103144123
14389,31.0853280395335
14390,5337450899.661582
14391,0.05000130733144649
14392,966.2976193254077
14393,1259.8702162758505
14394,35.143844439071614
14395,65657.79250656249
14396,-503.50376922376506
14397,122.0121743130054
14398,22.89332933570549
14399,0.682944843873
14400,3.417447051650365
14401,3.3142237098468033
14402,11.009516322788128
14403,3.4174470516503743
14404,0.0042939014208166655
14405,8.630989207888481
14406,0.36514289939265326
14407,0.2798481185067026
14408,0.36514289939265326
14409,0.2798481185067026
14410,0.9951945615006285
14411,0.9540686025030196
14412,-0.12108686194424487
14413,0.8060733714707963
14414,0.28352366684873975
14415,0.010778621614168964
14416,70.28768887814323
14417,5.4675638648082865
14418,36.226375912177666
14419,122.0121743130055
14420,2897.2494307994034
14421,0.04881843562964049
14422,40.22144371277727
14423,1280.8493642444578
14424,1.3570967011670112
14425,1741.30698414679
14426,0.001272181965819371
14427,0.0009682077383221232
14428,5.157292164198371
14429,49705.604729113315
14430,0.8366039784438293
14431,0.9059086590574668
14432,0.1348186833394092
14433,0.9314244614317861
14434,1192.8558054915427
14435,0.0009090351550943453
14436,744.7555444555445
14437,0.03720057664613109
14438,62.038366803851396
14439,1300.9201298701298
14440,676.84000999001
14441,942238.038911089
14442,0.4918610084411497
14443,0.0011270874978999892
14444,7832.129770229771
14445,0.3912152732382503
14446,0.6499341636844409
14447,857.8444408784931
14448,0.0007790041197693122
14449,7.121652035134986
14450,0.3056441886383414
14451,666.1354772575078
14452,-115.09228515625
14453,9.853090286254883
14454,4184406163.2926693
14455,5.349342112521678
14456,64.61735534667969
14457,3.2498860838776986
14458,111.5419921875
14459,39.06114002390722
14460,-52.13656932924141
14461,-51.81514358520508
14462,-297.98541259765625
14463,409.52740478515625
14464,26.955913096178953
14465,252.7510400520555
14466,-0.07097028420737826
14467,49.46521993803123
14468,4184406163.2926693
14469,0.029032711773375672
14470,2446.8079835178028
14471,2528.2333720262304
14472,49.37655368107444
14473,476403.058725163
14474,276.5062697826543
14475,376.2946961463977
14476,15.575587696840774
14477,0.9206271820816576
14478,3.002441175536187
14479,3.093976544482201
14480,6.277357301797799
14481,3.00244117553619
14482,0.0023375988536540582
14483,9.263063533708728
14484,0.37737699627172994
14485,0.29118667172612006
14486,0.37737699627172994
14487,0.29118667172612006
14488,0.9977585690703077
14489,0.9659143718366241
14490,-0.267740680472261
14491,0.967727867524652
14492,0.2933039712828435
14493,0.005796725302577409
14494,98.75310736214894
14495,6.315589970648771
14496,97.96757096080965
14497,376.2946961463975
14498,1719.4991668309606
14499,0.02894449374107587
14500,98.37557087502115
14501,2614.9039818191513
14502,1.3864323838491293
14503,3589.4846204685414
14504,0.000672994669744213
14505,0.0004917155778086777
14506,5.820447159387271
14507,50645.972063073306
14508,0.8517804765339497
14509,0.9069021846994718
14510,0.1674153258035075
14511,0.9378480246340976
14512,2459.479072396809
14513,0.0004615265774640214
14514,542.0690728721439
14515,0.028603718688836682
14516,102.52043010204878
14517,2736.672734948024
14518,246.7485093134927
14519,629345.4628779484
14520,0.10364056860602487
14521,0.00052953285682658
14522,6599.359664397657
14523,0.34823279322450834
14524,0.6108360161554858
14525,1699.6862372015905
14526,0.0003385775622860086
14527,7.616863532031389
14528,0.2893238271171433
14529,234.8022593537172
14530,-131.4475860595703
14531,-9.251898765563965
14532,3616198998.0437384
14533,5.318018973413979
14534,65.61835479736328
14535,3.1086008374339755
14536,92.01214599609375
14537,38.624593837032805
14538,-70.08871040002873
14539,-68.49112701416016
14540,-262.8266296386719
14541,354.8387756347656
14542,27.042218445462353
14543,234.96446993845606
14544,-0.09870573074318865
14545,48.467525704720614
14546,3616198998.0437384
14547,0.029382049512763075
14548,2349.1010479377537
14549,1586.8462956081607
14550,38.71038580052247
14551,417121.4196926469
14552,50.863852302395685
14553,361.51093291556083
14554,8.174478667206593
14555,0.9557637204851841
14556,2.2211981401099923
14557,2.660355295197565
14558,3.0729935722093247
14559,2.221198140109995
14560,0.003129639579166815
14561,8.767948677110725
14562,0.4315011325283481
14563,0.3522704678659352
14564,0.4315011325283481
14565,0.3522704678659352
14566,0.998431262533352
14567,0.9706306024472682
14568,-0.3470170827119331
14569,0.9856860032045663
14570,0.34854256763221747
14571,0.007197265572009703
14572,77.42077160104492
14573,6.286104220404377
14574,92.42135289569178
14575,361.51093291556015
14576,1697.424458379983
14577,0.029366117654260417
14578,94.20326466958173
14579,1667.5650074618652
14580,1.5502931448868436
14581,2515.572785438778
14582,0.0014216420925498507
14583,0.0009305002040995447
14584,5.869152722479698
14585,47872.62871626013
14586,0.8268570424526502
14587,0.8823823006812598
14588,0.25874931662417516
14589,0.9256135267014153
14590,1552.882939997737
14591,0.0008579565302822633
14592,373.3175267691812
14593,0.030055351965959362
14594,97.32249339920855
14595,1828.9034699299573
14596,753.1801787295709
14597,972041.2718782707
14598,0.6547898943455428
14599,0.0009553167699927241
14600,3242.4554383705017
14601,0.26104624735291054
14602,0.5217303475988834
14603,968.369550918116
14604,0.0004544268541661495
14605,8.008145012667613
14606,0.18963069266118074
14607,725.3713474472245
14608,-4.012479378947207
14609,4.010822016054519
14610,5904355666.727398
14611,1.9356288177310486
14612,3.1653614859470354
14613,100.2249085783848
14614,286.5199348367079
14615,3.8892690864258075
14616,-0.004154360259838449
14617,0.004818899268839272
14618,-211.66978363551328
14619,498.18971847222116
14620,1.4025415050387924
14621,300.23567143338147
14622,0.6668141670701166
14623,11.997958157561218
14624,5904355666.727398
14625,0.3659454427553299
14626,143.9509999505898
14627,1891.669724774418
14628,43.500543146353735
14629,10463.459806380153
14630,6.1288867684112605
14631,9.401978487013988
14632,11.912117279410797
14633,-0.11024252558146534
14634,1.2094700697011016
14635,1.8302263421777551
14636,10.42876525540141
14637,1.2094700697011056
14638,0.155907344327985
14639,3.6155110791447074
14640,0.6524167883922909
14641,0.6338133683552544
14642,0.6524167883922909
14643,0.6338133683552544
14644,0.9989546661400479
14645,0.9889376712782282
14646,-0.09235866770608334
14647,0.5420620699101502
14648,0.49982036027796517
14649,0.21851133444677967
14650,87.00108629270756
14651,2.3266801792403964
14652,5.32852394160619
14653,9.401978487013999
14654,14295.42517098371
14655,0.31939573385205566
14656,8.486062248251997
14657,1900.4882064555209
14658,2.977181675801913
14659,5643.233467427665
14660,0.0016113921967887722
14661,0.0005660748623872304
14662,3.433407134784031
14663,24065.141087086795
14664,0.5353820087794965
14665,0.6821857094372021
14666,0.7979162278785912
14667,0.7573702921519284
14668,1441.224796203137
14669,0.00043775761999245943
14670,1029.9029805352798
14671,0.15661541674806567
14672,51.2248320775688
14673,1939.5343673965938
14674,214098.06614963504
14675,405894729.21730536
14676,112.99035124574334
14677,0.0007764034798186937
14678,3523.5188564476884
14679,0.5358149112602932
14680,0.7605070345019385
14681,1483.109915472549
14682,0.0006457896213209271
14683,5.099592255828776
14684,0.10039541381047618
14685,213998.8523113014
14686,-24.525254652451125
14687,24.609394540110365
14688,5933957605.5973835
14689,4.104810707870123
14690,23.86410882408967
14691,9.02987780860461
14692,194.77788625883173
14693,15.971304621776472
14694,0.16053631041457994
14695,0.06659185282596455
14696,-259.12252065502247
14697,453.9004069138542
14698,10.060161089981008
14699,300.98735770685954
14700,0.024575768766260154
14701,22.294437449761038
14702,5933957605.5973835
14703,0.0749577449939859
14704,497.04194120130745
14705,2757.1885737753264
14706,52.524963789657136
14707,10701.95223145069
14708,11.265223184781764
14709,33.91021164542356
14710,40.64811833685913
14711,-0.0885431372480272
14712,4.557691855864622
14713,3.693894419683409
14714,19.776861487815225
14715,4.5576918558646415
14716,0.00646925910773119
14717,8.046216492076496
14718,0.306771119203456
14719,0.21553603119120576
14720,0.306771119203456
14721,0.21553603119120576
14722,0.9952867337907358
14723,0.9541644951333744
14724,-0.01849849784721431
14725,0.37123876547020396
14726,0.22233039238327512
14727,0.015769318418019256
14728,105.0499275793144
14729,4.486346183838469
14730,18.63958249557068
14731,33.91021164542354
14732,4369.5099072015855
14733,0.07234180142461612
14734,21.058086590624292
14735,2780.9922005754393
14736,1.29454165094592
14737,3595.099744841945
14738,0.0005129938952732358
14739,0.00040526907262492174
14740,4.551564237641281
14741,52223.95871782882
14742,0.8626072093547368
14743,0.9220023652017062
14744,0.1106687073745713
14745,0.9428572280269406
14746,2622.9524015443367
14747,0.00038436677267966155
14748,1177.214134035505
14749,0.049996353267455405
14750,39.06949310973171
14751,2803.3700416206575
14752,1174.6270704153571
14753,3238046.8866474135
14754,0.4265726447091822
14755,0.00046556437974118974
14756,10432.14711628302
14757,0.4430538994429211
14758,0.6921415388659174
14759,1949.861445575584
14760,0.00035088833947878156
14761,6.441571322341889
14762,0.3594754278560633
14763,1166.8884849840294
14764,-6.977332412238286
14765,7.239405632707432
14766,5913587817.182321
14767,2.4810858988961604
14768,4.7082142600370105
14769,86.22024367566355
14770,261.6368346235984
14771,5.37367962843433
14772,0.2004905182400766
14773,0.07266475574595443
14774,-262.46317071782477
14775,524.1000053414232
14776,2.216498824650434
14777,300.4703065381044
14778,0.19423161027094296
14779,12.730695334917415
14780,5913587817.182321
14781,0.2690535578847069
14782,162.07060371048806
14783,2866.7451831274075
14784,53.54369752491093
14785,13969.349458477338
14786,13.857279206248746
14787,11.503087541823362
14788,12.232548591085154
14789,-0.03376145644928556
14790,1.4790690251161798
14791,2.189971551315095
14792,9.928500453004716
14793,1.4790690251161838
14794,0.09939456210955533
14795,4.590593178361061
14796,0.6037207588815833
14797,0.5705092807449326
14798,0.6037207588815833
14799,0.5705092807449326
14800,0.9990165633900019
14801,0.9869215902431583
14802,-0.11206157946716291
14803,0.6271286308340105
14804,0.4507558463774145
14805,0.17741763879071362
14806,107.08739504982202
14807,2.89062995051454
14808,5.933909033227124
14809,11.503087541823367
14810,11216.571350640463
14811,0.2273026311247586
14812,8.637393082412116
14813,2875.9505973358964
14814,2.38756216374195
14815,6851.830944136235
14816,0.0008595905246852393
14817,0.0003749981690156283
14818,3.705696655751727
14819,31094.674368281983
14820,0.6265512856705937
14821,0.7518217572720562
14822,0.5777736493343596
14823,0.8177439163000884
14824,2353.7283465171663
14825,0.0003113299824732859
14826,1064.760755724407
14827,0.10932957754640178
14828,37.62590784481646
14829,2915.834377246124
14830,103426.68805832221
14831,296248489.9739193
14832,36.12122152534015
14833,0.00047705974692677884
14834,4061.1139747407333
14835,0.4169949660889961
14836,0.6704745153855475
14837,1966.2596808722492
14838,0.00036143030760987403
14839,5.660653845323459
14840,0.1486847529045358
14841,103381.45383590678
14842,-62.009560029498495
14843,46.35934979111612
14844,5778661698.680029
14845,5.230592203257855
14846,50.32273236955447
14847,7.871339958231175
14848,317.518804231473
14849,34.79301854859253
14850,-7.013694135947318
14851,-5.9967471868053694
14852,-542.1466300237275
14853,859.6654342552006
14854,21.4700559871307
14855,297.02271936605496
14856,-0.2966121152458422
14857,48.80082371991284
14858,5778661698.680029
14859,0.03497231713571073
14860,2381.5203957420076
14861,11680.280502636902
14862,108.01842072327825
14863,303621.2747240111
14864,-547.9657105388162
14865,194.67663816195096
14866,145.47219604608972
14867,0.13578818867609763
14868,8.331871348833609
14869,4.4825557456145155
14870,71.7336257140795
14871,8.331871348833662
14872,0.0016834721826159897
14873,10.061624979702788
14874,0.22486777103403785
14875,0.1395151246680595
14876,0.22486777103403785
14877,0.1395151246680595
14878,0.9953261756599586
14879,0.9560314526724465
14880,-0.04924427800948502
14881,0.5523521949294433
14882,0.1440338344098704
14883,0.00472340438974499
14884,216.03684144655705
14885,5.718524636409753
14886,85.03720855201003
14887,194.67663816195108
14888,2141.4395014763973
14889,0.034271727128428776
14890,98.07724776377617
14891,11781.787263182176
14892,1.1584278948226658
14893,13643.300093204896
14894,0.00011817048436429913
14895,0.0001045030050741924
14896,5.522067475431087
14897,57251.97064364204
14898,0.9154667716503584
14899,0.9538679973177163
14900,0.05726553478525354
14901,0.9661364074392147
14902,11384.022575223336
14903,0.00010157827327297677
14904,987.3007402496962
14905,0.027270487798301185
14906,135.90228493547673
14907,11807.319439840901
14908,10.998701800905977
14909,129634.27720693847
14910,0.0009716006983432669
14911,0.0001175378369942593
14912,18514.591647331785
14913,0.5113963000588826
14914,0.7432805600093422
14915,8785.915191436354
14916,9.516701634052727e-05
14917,7.053384089076892
14918,0.5527243858872384
14919,7.725424880458337
14920,-6.237854411137481
14921,6.546515538667478
14922,5923221030.429406
14923,2.4284274565686035
14924,4.881030905982976
14925,71.38853928120774
14926,231.0393302741168
14927,5.868934484967205
14928,0.27181626338965015
14929,0.04893595060943279
14930,-290.97858383984425
14931,522.0179141139611
14932,2.185892573574524
14933,300.7149394754675
14934,-0.27931828494554195
14935,16.319043526482417
14936,5923221030.429406
14937,0.2833350634166674
14938,266.3111816192277
14939,3545.2712648988486
14940,59.54394168028816
14941,34743.764538250536
14942,-21.478030589948986
14943,19.728327233045157
14944,20.567466799421332
14945,-0.032869707817506484
14946,1.5824263584382972
14947,2.136176941377186
14948,17.938852192227614
14949,1.5824263584383036
14950,0.1062698996495445
14951,4.481722602585416
14952,0.612427345831841
14953,0.5825535181704371
14954,0.612427345831841
14955,0.5825535181704371
14956,0.9984110676006733
14957,0.9864512472197378
14958,-0.11818466388854865
14959,0.6379173458702854
14960,0.46413523845987287
14961,0.18416052373515243
14962,119.08788336057643
14963,2.875255722586137
14964,10.073948508116622
14965,19.72832723304515
14966,11666.005549220068
14967,0.24037627215809182
14968,14.417226714729697
14969,3562.797965677982
14970,2.4882486778528654
14971,8835.199372744893
14972,0.0007314825793760303
14973,0.00031110205929206394
14974,3.719031071666925
14975,29710.105821301062
14976,0.608475209710403
14977,0.7392042164946397
14978,0.6161911234782418
14979,0.8064524366657341
14980,2877.12124131231
14981,0.0002564132575518249
14982,909.3402896567453
14983,0.1036994286300314
14984,70.6173777115111
14985,3648.1550918006615
14986,124130.52697000798
14987,439522942.2925077
14988,35.067156800053866
14989,0.0004374438438198162
14990,3819.109476565173
14991,0.4355239453261686
14992,0.6861285814395667
14993,2529.959110469502
14994,0.00034745603034425744
14995,5.89895684850696
14996,0.13387581868979098
14997,124074.7319136456
14998,-53.18745022322661
14999,40.89114172827007
15000,5808385691.613323
15001,5.041257188415889
15002,43.10780193466922
15003,7.977348200997816
15004,375.73609996381185
15005,30.453559661665512
15006,-5.3977638893629045
15007,-5.1307698164903845
15008,-493.0060105539419
15009,868.7421105177538
15010,18.409082817453154
15011,297.78564490296543
15012,0.14392986389934467
15013,43.42594603330392
15014,5808385691.613323
15015,0.04052788014851645
15016,1885.8127888874246
15017,9678.296693993405
15018,98.30286833230267
15019,218876.354738354
15020,-12.545909773683462
15021,166.46702535544645
15022,107.10297462327993
15023,0.20677212642639745
15024,7.0462972583910215
15025,4.260371518584747
15026,55.06269487479551
15027,7.04629725839108
15028,0.0022062982569766645
15029,9.71423389323423
15030,0.24738806641633798
15031,0.15941426285388235
15032,0.24738806641633798
15033,0.15941426285388235
15034,0.9966344469068841
15035,0.9627797712907753
15036,-0.049285547952154986
15037,0.5542419921472034
15038,0.1643652621567492
15039,0.006312582520539264
15040,196.60573666460533
15041,5.59756092847797
15042,68.39249999468169
15043,166.46702535544665
15044,2454.7595201824465
15045,0.03959901480011651
15046,78.03878972059437
15047,9765.18204467724
15048,1.18703503725522
15049,11580.667212890587
15050,0.00014171849744038482
15051,0.00012219175820620047
15052,5.372586071288096
15053,55975.960025734166
15054,0.9020934987178898
15055,0.9463096864052581
15056,0.06783137252925603
15057,0.9604849884802301
15058,9381.635512579274
15059,0.00011806192032549305
15060,1001.9535556570733
15061,0.03051480297417613
15062,113.14990820950459
15063,9817.952946550937
15064,17.38282320694381
15065,169507.0181818182
15066,0.0018274371483987199
15067,0.0001376717701952629
15068,15655.613613522157
15069,0.47679651632471926
15070,0.7180801410295719
15071,7075.774059114065
15072,0.00010788970234831073
15073,7.056406364620408
15074,0.5012900566403566
15075,13.403384503303837
15076,-25.37231163492241
15077,10.477822895300969
15078,5763758130.014269
15079,3.6258909179919785
15080,11.85982776526514
15081,47.560519784395595
15082,448.6413710019057
15083,13.392260420528675
15084,-4.641812162021946
15085,-2.0022993129229008
15086,-385.64657189429425
15087,834.2879428962
15088,5.7204494471290666
15089,296.6394510072773
15090,1.4032806831980837
15091,27.540965323759643
15092,5763758130.014269
15093,0.13836003023079768
15094,758.5047709645311
15095,6026.038019412427
15096,77.49709390084136
15097,474089.8215424076
15098,1343.6325602792488
15099,96.89260120971792
15100,15.938917023385569
15101,0.7157509731504947
15102,1.7166642138129078
15103,2.433884417317208
15104,12.945963702481386
15105,1.7166642138129196
15106,0.043585840059256135
15107,6.303370835368113
15108,0.5938656960914614
15109,0.5538271531143447
15110,0.5938656960914614
15111,0.5538271531143447
15112,0.9994586646952774
15113,0.9902694059669634
15114,-0.2319964924566535
15115,0.8942508461943262
15116,0.3895401084696177
15117,0.14224136354019226
15118,154.99418780168276
15119,4.447265046101706
15120,28.20787955827589
15121,96.89260120971802
15122,6273.77133979802
15123,0.1159834325089403
15124,36.60989410964368
15125,6036.34626911278
15126,1.9921743290045357
15127,12090.2148607972
15128,0.0003524846054245113
15129,0.00018954872203829005
15130,4.5777337069639135
15131,39778.85731793493
15132,0.7316536524088402
15133,0.8206099026086515
15134,0.4591392257055081
15135,0.8767140096862698
15136,5285.90708511528
15137,0.00016922707198869805
15138,605.8261157267848
15139,0.04454276271794609
15140,118.20258617784049
15141,5986.578119255937
15142,24796.774281302845
15143,151993299.67605323
15144,4.046163187048734
15145,0.0002574397209843759
15146,5448.78986839203
15147,0.4006168567305367
15148,0.6577540418763105
15149,3961.9234685926576
15150,0.00019808679254151428
15151,7.00367263760581
15152,0.20764568479870538
15153,24773.58142807945
15154,775.2162286303483
15155,1547.6650521601014
15156,153920748671.26416
15157,7.796892811461857
15158,438.26397590600607
15159,2.4622367592533085
15160,2087.7608017352395
15161,241.09985178919794
15162,1205.4050465777705
15163,1250.7893561410588
15164,1.2923927341548513
15165,2086.4684090010846
15166,180.3576938408217
15167,1532.9380998245938
15168,-0.4522980897376627
15169,289.2315052549022
15170,153920748671.26416
15171,0.0050208545569680515
15172,83654.86363201651
15173,64027.24561450914
15174,247.32638855072454
15175,373517744.09366745
15176,-705753.06674586
15177,12039.179211944685
15178,613.9906099727093
15179,0.9028298516999642
15180,17.38562564067063
15181,5.566827347483715
15182,304.86969931330725
15183,17.385625640671385
15184,9.815499650074546e-05
15185,13.869639402672195
15186,0.14391315050872372
15187,0.0757676974086336
15188,0.14391315050872372
15189,0.0757676974086336
15190,0.9965553035748974
15191,0.9615390380602229
15192,-0.20890723438454345
15193,0.9787793658310091
15194,0.07902591517795568
15195,0.00046814710485854256
15196,494.6527771014493
15197,8.707210732427345
15198,3163.2924554793367
15199,12039.179211944836
15200,321.4935602004714
15201,0.005008598914391862
15202,3340.3697211547583
15203,61479.06055489821
15204,1.063713898897619
15205,66141.41158186704
15206,3.947035911412237e-05
15207,3.832562819889199e-05
15208,7.933455819484053
15209,61738.94030093972
15210,0.9617944415609337
15211,0.9799556788915764
15212,0.022292076122898012
15213,0.9852569970089161
15214,60408.99177639792
15215,3.8057723283894025e-05
15216,250.7718189514303
15217,0.004937133442628518
15218,3248.3489934857503
15219,58828.64170259681
15220,2.4960722934262596
15221,172797.85110152973
15222,6.891204172856694e-05
15223,4.35522121596656e-05
15224,35419.78538381273
15225,0.6973359593607924
15226,0.8601853607540181
15227,49324.316961588316
15228,4.079552433160604e-05
15229,8.686994807567217
15230,0.7754538098654983
15231,0.8330880593211275
15232,4.0
15233,28727.0
15234,28727.0
15235,10092.596042013218
15236,0.3513278811575597
15237,0.4494431336141791
15238,2.224975586919172
15239,72.2841614740048
15240,59.22837157984339
15241,65.92419889539804
15242,65.43699259593154
15243,63.32228663446015
15244,39.33698319518109
15245,34.18693828791029
15246,0.6212186148971728
15247,0.539887930536382
15248,132.1764675679133
15249,221.77869642769463
15250,6734012163.599833
15251,4.748175872615189
15252,40.79451070038823
15253,3.698268783097004
15254,302.639244423107
15255,26.675934920672184
15256,182.91688321015604
15257,188.2689197809471
15258,27.276297195486404
15259,275.3629472276206
15260,17.54758006505954
15261,484.1632382484982
15262,-0.7549912585427836
15263,34.717793447461034
15264,6734012163.599833
15265,0.045930479257884335
15266,1205.3251818605684
15267,1042.8162639349061
15268,31.66435383748654
15269,107007.15030482088
15270,-1753.7975478525564
15271,173.2056728808294
15272,12.487995643179701
15273,0.8654219621433437
15274,2.6723908139266728
15275,2.956629564790182
15276,5.217117113279621
15277,2.672390813926673
15278,0.004494682708239907
15279,8.434799296379863
15280,0.3995470530594334
15281,0.31655185309718903
15282,0.3995470530594334
15283,0.31655185309718903
15284,0.9960824001435986
15285,0.9558608418976318
15286,-0.21133989034447057
15287,0.9245377268207924
15288,0.32058609945059396
15289,0.012087273645631938
15290,63.328707674973074
15291,5.653209547644641
15292,46.42341713100228
15293,173.20567288082947
15294,1161.2375552594308
15295,0.04516533107034553
15296,49.11854201382614
15297,1079.3335592877372
15298,1.3865149957559595
15299,1489.951415157736
15300,0.0018196495411060274
15301,0.0013506461448669395
15302,5.299042642524883
15303,20905.016675227947
15304,0.812557853817669
15305,0.8949714955911214
15306,0.1364955131512313
15307,0.9205563577047389
15308,994.6342907983089
15309,0.0012545955427449922
15310,215.2620644528055
15311,0.03521381718514731
15312,69.43421973573709
15313,1098.2558481923768
15314,611.7299198429577
15315,682967.344020939
15316,0.6233763281493345
15317,0.0017874506939761575
15318,1941.7482414526419
15319,0.3176424409377788
15320,0.583285500924059
15321,638.2118554058732
15322,0.001215030803739469
15323,7.469263876204019
15324,0.21279632401573434
15325,589.6462239898776
15326,-11.548516464233398
15327,13.78444633483887
15328,2600802493.4606
15329,3.1152981526592924
15330,12.760884046554565
15331,4.282787967863844
15332,59.38418197631836
15333,8.05347159939506
15334,0.7040420486779629
15335,0.43247365951538086
15336,-52.91728591918945
15337,112.30146789550781
15338,5.310086400551154
15339,300.89055073819674
15340,0.02584362364219672
15341,10.592573772330727
15342,2600802493.4606
15343,0.1429038211961109
15344,112.20261912226881
15345,140.2987322442139
15346,11.713473522730759
15347,952.9379744395281
15348,1.0710173990182126
15349,15.188810644552024
15350,2.8165156727107963
15351,0.6869517447600001
15352,1.2223319979370304
15353,2.0240381954974622
15354,1.2909340233144295
15355,1.2223319979370315
15356,0.030079928995349996
15357,5.711039201939189
15358,0.5741318893335134
15359,0.5311954431505523
15360,0.5741318893335134
15361,0.5311954431505523
15362,0.9947956521155278
15363,0.9515611319303416
15364,-0.16227226999462407
15365,0.7812874330237329
15366,0.468512906941859
15367,0.0641147847054829
15368,23.42694704546151
15369,3.9816588304837204
15370,4.501331579315705
15371,15.188810644552026
15372,3045.733552653349
15373,0.13613000722283405
15374,4.9755215679585705
15375,140.35005123358528
15376,2.0700824515497116
15377,288.8992461575868
15378,0.01721623996527902
15379,0.008674830073393733
15380,4.141495937849628
15381,14508.834456123428
15382,0.6462007504299332
15383,0.7787795453754305
15384,0.40797658337384973
15385,0.8308850309199982
15386,116.71656118077857
15387,0.007311526639706523
15388,135.21142162818956
15389,0.0821454566392403
15390,13.332579912701542
15391,145.7363304981774
15392,50493.24240583232
15393,6800980.739368165
15394,385.9290582709248
15395,0.012397303297410343
15396,412.90400972053465
15397,0.25085298281927987
15398,0.5146864635427677
15399,74.91034986262541
15400,0.006541591100484644
15401,6.608648744879618
15402,0.0572980123229018
15403,50188.64872646822
15404,-12.039878273010252
15405,26.7700798034668
15406,2696340585.72281
15407,3.735113829560523
15408,19.410350799560547
15409,4.4756702392270356
15410,75.9957504272461
15411,12.619730680277614
15412,5.905374398089783
15413,5.297493934631348
15414,-73.85417175292969
15415,149.84992218017578
15416,8.14409206341051
15417,306.36717869567497
15418,-0.11194107284305126
15419,16.815174584646858
15420,2696340585.72281
15421,0.0942121045535804
15422,282.75009631215363
15423,294.14788264291155
15424,16.844268874953208
15425,7973.431893505609
15426,-21.85952924188764
15427,43.089221942564066
15428,1.419540261653558
15429,0.9361393003024512
15430,0.830418100264864
15431,1.6374851679680664
15432,0.7037885592716645
15433,0.830418100264865
15434,0.02687026551625501
15435,5.902415017951006
15436,0.6649966713758904
15437,0.6414417341340546
15438,0.6649966713758904
15439,0.6414417341340546
15440,0.9985321082484191
15441,0.9745931141165881
15442,-0.4160287398592147
15443,0.9747042257439841
15444,0.4690013077410412
15445,0.0562179049924041
15446,33.6885377499064
15447,4.68943589748169
15448,11.127190551054408
15449,43.08922194256408
15450,1769.8445534916114
15451,0.09001693675597039
15452,12.441710715473404
15453,289.0280099052649
15454,3.3263110560078673
15455,959.9480577245644
15456,0.01468146440404395
15457,0.005288627963271898
15458,5.0716445862829715
15459,11351.856740722433
15460,0.5708631717945527
15461,0.6831980634674959
15462,1.101787680111017
15463,0.7817609756420987
15464,225.07792749513618
15465,0.0043727525569222485
15466,27.485185185185184
15467,0.05089849108367627
15468,31.82749978960664
15469,251.36111111111111
15470,97744.13888888889
15471,25564798.666666668
15472,390.3588359935194
15473,0.02222055044959333
15474,89.83703703703704
15475,0.16636488340192043
15476,0.40827871367623864
15477,98.66575152506482
15478,0.013691327912477382
15479,7.265935943722315
15480,0.018797646813102656
15481,94914.09592249656
15482,-9.78584575653076
15483,34.29359970092777
15484,2787404595.5701995
15485,3.898049197667122
15486,18.246763944625854
15487,6.293940761766794
15488,72.704345703125
15489,14.131913759610333
15490,10.820267798294578
15491,11.303228378295898
15492,-83.94168853759766
15493,156.64603424072266
15494,8.089706829781862
15495,311.4977174660676
15496,-0.7961439218425768
15497,20.532635300091126
15498,2787404595.5701995
15499,0.09155226184970854
15500,421.5891123665482
15501,409.83702383581647
15502,19.84793752206972
15503,26295.290230731203
15504,-390.8462949548265
15505,64.4870097199157
15506,0.9062387233033786
15507,0.9722254843836334
15508,0.6454879132255029
15509,1.3887724617534716
15510,0.4681180788718519
15511,0.6454879132255031
15512,0.034521027223815844
15513,5.728827057069391
15514,0.7163464374968432
15515,0.7030496208736665
15516,0.7163464374968432
15517,0.7030496208736665
15518,0.9991180409458121
15519,0.9806692740842347
15520,-0.522730653732349
15521,0.9901890475498465
15522,0.45660757325570267
15523,0.08020594020873721
15524,39.695875044139456
15525,4.831949227497276
15526,16.34831211080477
15527,64.4870097199157
15528,1424.0772038412686
15529,0.07892507198836017
15530,20.382297055542658
15531,401.66779542869847
15532,4.488975048151499
15533,1815.3958793074269
15534,0.016740246382273897
15535,0.00524172987294084
15536,5.508491101447833
15537,9474.13970802961
15538,0.5172957389037842
15539,0.6246361637805221
15540,1.7573066979738305
15541,0.7429897653640125
15542,297.10389487332026
15543,0.004245292893628149
15544,10.513513513513514
15545,0.04059271626839194
15546,54.60166096888684
15547,337.5945945945946
15548,225889.86486486485
15549,88224668.33204633
15550,605.2281080347332
15551,0.030051451916347737
15552,21.115830115830114
15553,0.08152830160552169
15554,0.2774958955946125
15555,86.96650984874805
15556,0.015634438090646057
15557,7.502682745230616
15558,0.009015908378877014
15559,213587.71479256422
15560,-4.61202758720217
15561,4.6272219043878735
15562,2586226946.2670045
15563,1.754392156828743
15564,4.633890880990629
15565,66.39789513132662
15566,85.59360248081062
15567,2.9487143818121897
15568,0.018937125501887322
15569,0.0411865693475143
15570,-139.24965119143357
15571,224.8432536722442
15572,1.9451005581880183
15573,300.0462332104966
15574,-0.7556489911896687
15575,4.047150836312844
15576,2586226946.2670045
15577,0.3559666190364724
15578,16.379429891867755
15579,812.3694207863409
15580,28.503056139069642
15581,36.713830609929275
15582,-0.25187920014114556
15583,1.297447603089827
15584,1.5166024676583896
15585,-0.07775926692831908
15586,0.8760916924430823
15587,1.6476793534421024
15588,0.7468715238853562
15589,0.8760916924430823
15590,0.13131508892087831
15591,3.4678652752194083
15592,0.6422454617255857
15593,0.6184532590854768
15594,0.6422454617255857
15595,0.6184532590854768
15596,0.9992920281024404
15597,0.9816302815667108
15598,-0.011913620339762128
15599,0.19563596147830123
15600,0.513274470644779
15601,0.18592970385582014
15602,57.00611227813928
15603,2.183288286058977
15604,0.7035125176870543
15605,1.297447603089827
15606,6180.533715899869
15607,0.3163005165814709
15608,0.9324469687785756
15609,813.3722680928864
15610,2.9455511721331464
15611,2395.339695662505
15612,0.003682310196296223
15613,0.0012859030307627332
15614,3.1587485809770914
15615,10364.291858650655
15616,0.5303963081141254
15617,0.6801882977954268
15618,0.7816807951643094
15619,0.7547789388596915
15620,614.0138155666075
15621,0.0009837333045193159
15622,433.7378898473789
15623,0.2878154544441798
15624,4.660489491860369
15625,819.6171201061712
15626,172373.9197080292
15627,140175369.46317187
15628,212.23226952848802
15629,0.0019065226162054288
15630,758.8858659588586
15631,0.5035738991100588
15632,0.736145492710405
15633,604.9211252780609
15634,0.0015775643865082894
15635,3.948850025813307
15636,0.05245935879138093
15637,172010.54554525242
15638,-7.829691641235217
15639,7.754433270980879
15640,2586243171.4800615
15641,2.407053291744168
15642,7.929048786677455
15643,9.786112226820464
15644,128.696416517809
15645,4.8899769870414325
15646,-0.019540702380953377
15647,-0.049977674679097195
15648,-42.95979865173913
15649,171.65621516954815
15650,3.3173886306061537
15651,300.0471744091088
15652,0.32197783070345926
15653,6.326998536405991
15654,2586243171.4800615
15655,0.2259652264364248
15656,40.030910479683556
15657,90.02895660683564
15658,9.494969084479653
15659,54.56355551985574
15660,0.7149251092314679
15661,3.0979031526969325
15662,3.599829236488155
15663,-0.07521768783890186
15664,1.435594231011042
15665,2.1789537467220472
15666,1.5302913543857748
15667,1.435594231011042
15668,0.05277141288043195
15669,4.7910716145198355
15670,0.5285693736305883
15671,0.47402999667685886
15672,0.5285693736305883
15673,0.47402999667685886
15674,0.9970984378177217
15675,0.9616696840859544
15676,-0.010348758493294334
15677,0.2129550452311205
15678,0.45117603873029455
15679,0.09546467472276844
15680,18.989938168959306
15681,2.842903786218091
15682,1.6744330972962718
15683,3.0979031526969325
15684,4697.370809084387
15685,0.2076318979365945
15686,1.925092155436978
15687,92.08478545846762
15688,2.017550741912863
15689,184.44187212794526
15690,0.023539292498843598
15691,0.011935257008287205
15692,3.4001860817368956
15693,15026.34285481939
15694,0.6614424775491875
15695,0.7877338660225839
15696,0.3901515297630167
15697,0.8395589749825219
15698,77.4899294825061
15699,0.010097666132032768
15700,368.16789667896677
15701,0.16981914053457878
15702,7.159437294903393
15703,98.26153136531366
15704,72354.6766605166
15705,6546675.5899446495
15706,819.549627711952
15707,0.014630321575179716
15708,883.7481549815498
15709,0.407632912814368
15710,0.6620212934293974
15711,65.92437223482379
15712,0.010023987299865221
15713,4.76749162684503
15714,0.07546907090890104
15715,72179.10193705662
15716,-9.642238410989307
15717,9.628985797697469
15718,2587124822.188311
15719,2.716826664897638
15720,9.763279512564822
15721,4.509627474264904
15722,81.69793998789426
15723,6.0764830776608285
15724,-0.005906670537940103
15725,-0.002804098671692179
15726,-43.10945454119188
15727,124.80739452908614
15728,4.070187616457331
15729,300.09831311590665
15730,0.10483470265505947
15731,7.908318560018865
15732,2587124822.188311
15733,0.18518626949307287
15734,62.541502446738846
15735,90.30143818410313
15736,9.502393608349958
15737,119.78572848717626
15738,0.5855739606446676
15739,5.154283539665014
15740,5.1304693021964205
15741,0.002231835280148267
15742,1.6590818072729157
15743,2.3290889587382497
15744,2.2038021425807575
15745,1.6590818072729159
15746,0.03925209910795726
15747,5.274667645397923
15748,0.5079740538919795
15749,0.4486462286949764
15750,0.5079740538919795
15751,0.4486462286949764
15752,0.9926661307302697
15753,0.942732946252897
15754,-0.05563445150931334
15755,0.4174905378756131
15756,0.4219914260165846
15757,0.07807498544052412
15758,19.00478721669991
15759,3.1718367193501003
15760,2.5711882104653583
15761,5.154283539665011
15762,4067.575083367354
15763,0.17200445777355086
15764,2.8996259363603283
15765,93.16512004319586
15766,1.7787474077242307
15767,164.32519694794294
15768,0.021442821768053753
15769,0.012464746182532072
15770,3.575617554216864
15771,16827.05878337642
15772,0.7091615147732815
15773,0.8233288972314975
15774,0.29211002184900897
15775,0.8667830574628744
15776,80.98266081349674
15777,0.010916541747419793
15778,395.4596692541343
15779,0.13346597004864472
15780,9.717013147528027
15781,101.33479581505232
15782,40657.925413432335
15783,3694544.4174822816
15784,461.55836170798545
15785,0.01630202286566446
15786,1168.1555855551806
15787,0.3942475820300981
15788,0.6510853997094401
15789,66.74326680108125
15790,0.011196015339891226
15791,5.2028705590651025
15792,0.1031433842726355
15793,40563.92770938321
15794,-18.314351979602378
15795,18.971157459983807
15796,2597642999.2187676
15797,3.6433090452999606
15798,18.906393145872876
15799,3.8679804281186523
15800,82.21196405191837
15801,11.746614466199981
15802,0.3241031925100835
15803,0.3380543657870946
15804,-87.60962681016389
15805,169.82159086208225
15806,7.922648520387351
15807,300.7077320005168
15808,-0.028325510661932556
15809,15.184634553033126
15810,2597642999.2187676
15811,0.09702281963420147
15812,230.5731265091675
15813,346.7486094813548
15814,18.588039403108017
15815,1826.7824980985092
15816,0.053843182587045846
15817,20.955588854617684
15818,16.022211121895328
15819,0.13246904973983267
15820,2.978866677503723
15821,3.0509561156296927
15822,6.573690042265103
15823,2.978866677503726
15824,0.010921593854347697
15825,7.11384929271088
15826,0.3834090015903975
15827,0.2994260030105048
15828,0.3834090015903975
15829,0.2994260030105048
15830,0.987621700142822
15831,0.9257358646667945
15832,-0.04590719334414452
15833,0.3769490097765099
15834,0.3044858420895061
15835,0.02355418126416365
15836,37.176078806216054
15837,4.1988931242290555
15838,9.244449994128255
15839,20.95558885461768
15840,2407.1953728001345
15841,0.09397854754126687
15842,9.77896018758138
15843,354.212174392557
15844,1.4083274386907616
15845,497.3006924179573
15846,0.004518409676867249
15847,0.0032735349370403804
15848,4.217360096365691
15849,20769.0102211845
15850,0.8087812032455487
15851,0.8917983885436107
15852,0.1454202869497123
15853,0.9180919103105845
15854,325.4893333149281
15855,0.0030226184176984994
15856,398.84087926509187
15857,0.0654266534227513
15858,20.02396560435482
15859,365.49229002624674
15860,3563.057250656168
15861,1232126.0851377952
15862,10.373387756285721
15863,0.0038154003362718407
15864,2114.9055118110236
15865,0.34693331886663775
15866,0.6099847011751752
15867,225.77040522862941
15868,0.0024613441278559392
15869,6.397959188791978
15870,0.2122045462456922
15871,3540.8502128401833
15872,-7.609784323022487
15873,7.58031091411765
15874,2586142428.299692
15875,2.408616784628389
15876,7.590585242478072
15877,19.843965643213398
15878,133.45678598679115
15879,4.8471339525259935
15880,-0.03089289835823938
15881,-0.04784513934303222
15882,-69.93642802081015
15883,203.3932140076013
15884,3.1883571297430553
15885,300.04133041088807
15886,0.6902886456362075
15887,6.582912682046721
15888,2586142428.299692
15889,0.2319853961026192
15890,43.33473937945155
15891,210.08761373767544
15892,14.491334479273084
15893,174.7762541357768
15894,2.700114844619594
15895,3.6998866584657457
15896,3.3445349375742044
15897,0.04817655618622655
15898,1.2972546498695439
15899,2.0651730552493355
15900,1.5855149782024376
15901,1.2972546498695439
15902,0.05985113951139641
15903,4.685356245480587
15904,0.5631764559921543
15905,0.5175036177426683
15906,0.5631764559921543
15907,0.5175036177426683
15908,0.998054760363812
15909,0.9701682412569733
15910,-0.04723340938039888
15911,0.3683960189884339
15912,0.46113326254852827
15913,0.10874895497350366
15914,28.98266895854617
15915,2.906035581370067
15916,1.7611053990099879
15917,3.6998866584657453
15918,4700.0360534239935
15919,0.210433242665454
15920,2.128813418173004
15921,212.17413400546099
15922,2.0876794267863907
15923,441.49929620553326
15924,0.010283001309282622
15925,0.005054323644224612
15926,3.449547968084839
15927,14560.866495392802
15928,0.649663886752545
15929,0.7776950657515981
15930,0.42126059468756477
15931,0.8327990649124057
15932,176.9123261228341
15933,0.00424841561752516
15934,339.2700729927007
15935,0.15477649315360434
15936,9.173024668336087
15937,219.95255474452554
15938,73295.17381386862
15939,15431346.452554744
15940,351.4198838497096
15941,0.006845363575183093
15942,878.8412408759124
15943,0.4009312230273323
15944,0.6573529823538348
15945,146.04215349121284
15946,0.0050522536244565165
15947,4.974563683544131
15948,0.07630452187837226
15949,73123.42274474364
15950,-13.932117895532453
15951,14.897377805792608
15952,2596090036.918516
15953,3.2937958237592055
15954,14.431805408388417
15955,9.748638523388246
15956,138.88903815849994
15957,9.155918194758565
15958,0.3717836504601232
15959,0.5146335559302506
15960,-198.40593354534371
15961,337.29497170384366
15962,6.070530365316418
15963,300.61783173561724
15964,-0.5076811325862092
15965,12.160277302145142
15966,2596090036.918516
15967,0.12548334862501642
15968,147.87234406506633
15969,1650.7691335149148
15970,40.61361766344467
15971,1648.8352891206123
15972,-22.134099887965228
15973,14.151925657481376
15974,8.939483235657526
15975,0.22248238806221882
15976,2.215737461285796
15977,2.686357723858814
15978,3.8016241865679383
15979,2.215737461285796
15980,0.01818789635214959
15981,6.404483462871265
15982,0.4411182796735238
15983,0.3662350436799964
15984,0.4411182796735238
15985,0.3662350436799964
15986,0.9980966299362988
15987,0.969192877763311
15988,-0.04508843610406972
15989,0.3774548439202623
15990,0.36341281741001097
15991,0.038747807310996224
15992,81.22723532688934
15993,3.8944963465289337
15994,5.772852223284726
15995,14.151925657481371
15996,2965.3920214265
15997,0.12011358777957587
15998,6.446892305366566
15999,1651.9849209400709
16000,1.5657126516032678
16001,2588.009886235426
16002,0.0010026755139236662
16003,0.0006580995043524504
16004,4.006126643111309
16005,18797.36127558518
16006,0.759115455267322
16007,0.8595746162147105
16008,0.2049832372128101
16009,0.8934067859233247
16010,1475.553087711229
16011,0.0005931423314826512
16012,324.6422041018038
16013,0.08021798964709756
16014,16.775020394476588
16015,1639.6483815171732
16016,15294.990116135408
16017,25241128.803311095
16018,9.288432203340626
16019,0.0008975756397470613
16020,1347.0336051396096
16021,0.3328474438200172
16022,0.5964707303748801
16023,974.1913352104143
16024,0.0006445678323366261
16025,6.209885997210876
16026,0.14087791972708602
16027,15244.6036221665
16028,-16.714699185995276
16029,17.005447377953285
16030,2594306935.117546
16031,3.5192448286772833
16032,16.947264677953065
16033,5.156311345642347
16034,96.00227564225062
16035,10.703880360741431
16036,0.17994837373064995
16037,0.40613256433516876
16038,-103.95487475987662
16039,199.95715040212724
16040,7.064823228714435
16041,300.51457563443626
16042,-0.24809500869189494
16043,14.177755925734182
16044,2594306935.117546
16045,0.107894600266294
16046,201.00876308969072
16047,469.8055238986478
16048,21.558476012045695
16049,3454.8963470701356
16050,-39.04790056758277
16051,26.11926523546945
16052,5.968941952101881
16053,0.6277801856142285
16054,1.8394072822659697
16055,2.478014752664307
16056,2.5213476460919804
16057,1.8394072822659702
16058,0.015555659602989914
16059,6.63337178284401
16060,0.47709043169025195
16061,0.4092732035960629
16062,0.47709043169025195
16063,0.4092732035960629
16064,0.9965038379811466
16065,0.9583463605937301
16066,-0.11320459449296469
16067,0.7216498879187525
16068,0.3986897443534533
16069,0.03537759413232608
16070,43.11695202409138
16071,4.36027292529569
16072,8.022051796892837
16073,26.11926523546945
16074,2613.7052174454902
16075,0.10371340447156495
16076,8.647269678753279
16077,472.0631124001281
16078,1.477227930939495
16079,696.8027261221583
16080,0.0034579978426868435
16081,0.002404405216149418
16082,4.159597116073158
16083,19867.066258854557
16084,0.7864322207283045
16085,0.877365437500502
16086,0.17234620449279675
16087,0.9072841502463068
16088,428.3863889284412
16089,0.002198912091983352
16090,352.60861900097944
16091,0.06907122801194504
16092,20.432864939118858
16093,474.2856023506366
16094,6674.960039177277
16095,3075366.7717923606
16096,14.593383941496628
16097,0.003055627816260202
16098,1728.3128305582761
16099,0.338552954076058
16100,0.6012691739430441
16101,286.391186069425
16102,0.002057131543247802
16103,6.384851895248519
16104,0.1777073832979427
16105,6643.294341876423
16106,377.0412718364814
16107,621.1160542593682
16108,19443738988.845703
16109,6.176849163398036
16110,110.28954556610017
16111,3.6687785622019566
16112,814.6346588470434
16113,72.84381034108044
16114,517.244390018194
16115,533.048712473843
16116,108.75628224794949
16117,705.8783765990939
16118,47.460290610596246
16119,822.706169408229
16120,-0.7944027217036346
16121,94.64168302683336
16122,19443738988.845703
16123,0.017079038782885567
16124,8957.048166151599
16125,7005.502722004095
16126,81.78842547476019
16127,6180805.462258802
16128,-38190.99796591718
16129,1320.4505474341452
16130,55.99558983237995
16131,0.918570726302042
16132,5.601525637194065
16133,3.956573628840373
16134,23.81763567951066
16135,5.601525637194069
16136,0.0008392239788878402
16137,10.865057000558675
16138,0.2707032832263604
16139,0.1801755560916911
16140,0.2707032832263604
16141,0.1801755560916911
16142,0.9972567074176097
16143,0.9630855620708951
16144,-0.23109299452770493
16145,0.9675693944436599
16146,0.18582590898450868
16147,0.0026451297181763686
16148,163.5768509495204
16149,7.102589739666766
16150,344.1115343166316
16151,1320.4505474341468
16152,461.0052907422714
16153,0.016938512377985063
16154,360.5394939044994
16155,7239.689077663818
16156,1.1760683720415281
16157,8512.189908904464
16158,0.00028932272859306935
16159,0.0002560092783516248
16160,6.489874513007779
16161,24553.12567435518
16162,0.9019301718974442
16163,0.9473960439254406
16164,0.06143384544939544
16165,0.9607586932847713
16166,6956.096724800009
16167,0.00024857550372456186
16168,213.64644886363635
16169,0.015173753470428718
16170,398.1794103449041
16171,7239.924786931818
16172,11.220667613636364
16173,76531.20511363636
16174,0.002523684650213742
16175,0.0003179373263426309
16176,6108.588210227273
16177,0.4338485944763688
16178,0.6846742509044798
16179,4943.205965527152
16180,0.0002570594867830363
16181,8.081538439103747
16182,0.4901312354231211
16183,7.057966404434078
16184,4.0
16185,28727.0
16186,28727.0
16187,10092.596042013218
16188,0.3513278811575597
16189,0.4494431336141791
16190,2.224975586919172
16191,72.2841614740048
16192,59.22837157984339
16193,65.92419889539804
16194,65.43699259593154
16195,63.32228663446015
16196,39.33698319518109
16197,34.18693828791029
16198,0.6212186148971728
16199,0.539887930536382
16200,150.9388929470873
16201,381.5797627204791
16202,9864010747.176123
16203,6.065855931945133
16204,104.22546593258227
16205,2.953692479185205
16206,578.5995144511024
16207,67.19401680053564
16208,279.6868137871267
16209,289.45789928329344
16210,3.678395919761353
16211,574.9211185313411
16212,45.4925958438095
16213,585.9784318273055
16214,-0.44698954592585405
16215,85.63831203449355
16216,9864010747.176123
16217,0.017677894489353176
16218,7333.920488117283
16219,3451.6355563933544
16220,56.617413460477586
16221,3660377.594948718
16222,-21960.685233772496
16223,1107.0875853907887
16224,122.71376892722905
16225,0.800701120376436
16226,8.308001515573766
16227,4.505162230783487
16228,52.056708951572205
16229,8.308001515573775
16230,0.0005574976879611812
16231,11.301666621291123
16232,0.21528450162343288
16233,0.13070302567320224
16234,0.21528450162343288
16235,0.13070302567320224
16236,0.9912049458119296
16237,0.9361795940373563
16238,-0.1434558079587605
16239,0.9020625807864411
16240,0.13565938909742833
16241,0.001702253182047819
16242,113.2348269209554
16243,6.980887047981102
16244,307.45033857950426
16245,1107.0875853907892
16246,489.23068322006344
16247,0.01770539631304648
16248,290.0374507353598
16249,3489.8817560756524
16250,1.1234875343898463
16251,3881.9633601598225
16252,0.0006910167495249904
16253,0.000596145966052019
16254,6.297775950851911
16255,25631.079557495825
16256,0.9274928218550945
16257,0.9618798717904082
16258,0.04246914075135637
16259,0.9714950703019702
16260,3398.0795238978926
16261,0.0005750463647073849
16262,310.81498963849873
16263,0.01789172171531768
16264,263.3043881628537
16265,3584.963446926088
16266,7.481406861616394
16267,17075.648975362652
16268,0.010554071748328358
16269,0.0005595065808825326
16270,9060.598664517614
16271,0.5215633585377397
16272,0.7505684590614844
16273,2693.862378894712
16274,0.00043370487969837565
16275,7.475021076568937
16276,0.6047272600689247
16277,4.746888100160278
16278,-60.372338104248044
16279,35.227788543701195
16280,2412749767.168083
16281,4.921353117223522
16282,50.83474349975586
16283,2.885804760646307
16284,146.47239685058594
16285,29.571826605980977
16286,-12.52722572231594
16287,-12.958577156066895
16288,-153.74012756347656
16289,300.2125244140625
16290,21.01128300426044
16291,289.80842322070123
16292,0.03335221558277634
16293,36.71956179968341
16294,2412749767.168083
16295,0.037932229331892164
16296,1348.3262187607693
16297,877.8858024566338
16298,28.98843530279411
16299,99089.29839723434
16300,295.52180600350937
16301,187.2743695467955
16302,37.06441259191312
16303,0.6697436117162108
16304,4.547997108411968
16305,3.6763541947748712
16306,15.860791787703135
16307,4.547997108411964
16308,0.002117388780624872
16309,9.362769096220642
16310,0.30784963147272904
16311,0.21817089160608438
16312,0.30784963147272904
16313,0.21817089160608438
16314,0.9904306004762317
16315,0.9339009190358126
16316,-0.10731135472093575
16317,0.7907137173843051
16318,0.22359612288114533
16319,0.004915965810534768
16320,57.976870605588154
16321,5.809931249152922
16322,56.084695534677174
16323,187.27436954679555
16324,1011.5256907127592
16325,0.0377948457826154
16326,54.51348624711881
16327,893.0589618512506
16328,1.2371331094185873
16329,1110.787483846201
16330,0.002018554571171495
16331,0.0016738731294562343
16332,5.307351973370085
16333,23435.331641984994
16334,0.8752823268126952
16335,0.9316751059710643
16336,0.08428498335652498
16337,0.9492006886596379
16338,846.573256361063
16339,0.0015987212220620066
16340,412.69589306129626
16341,0.03629372025866646
16342,61.1543151515435
16343,882.7976431272535
16344,31.75472693694486
16345,31514.584029548852
16346,0.038191242117695305
16347,0.0018561459571062387
16348,4373.244833347991
16349,0.3845963269147824
16350,0.6436294406344392
16351,572.3976298011896
16352,0.0011888284678909676
16353,7.068708166557702
16354,0.39582970724405614
16355,25.372338535727263
16356,-65.60868835449219
16357,25.43157196044922
16358,2211200330.5645065
16359,4.82688968048686
16360,38.3380331993103
16361,5.260685120108995
16362,135.466796875
16363,28.54552556516659
16364,-25.41290436792304
16365,-32.094051361083984
16366,-150.4451904296875
16367,285.9119873046875
16368,16.9104774650223
16369,277.4398928796124
16370,1.1956746276430874
16371,39.68401533856472
16372,2211200330.5645065
16373,0.04652790992527707
16374,1574.82107339144
16375,758.6478581753163
16376,26.370772674767462
16377,353229.43753101036
16378,5260.075455325636
16379,261.4711380224248
16380,8.55344736063045
16381,0.9368973408486485
16382,2.1935912397463797
16383,2.6922025267827365
16384,3.5420559078254827
16385,2.193591239746381
16386,0.005561628042817838
16387,8.262499072890401
16388,0.44608185322044264
16389,0.37243961057911795
16390,0.44608185322044264
16391,0.37243961057911795
16392,0.9975657600185084
16393,0.9650816368385335
16394,-0.2991796675963884
16395,0.9684155242183166
16396,0.36258152150862233
16397,0.014276700828299915
16398,52.74154534953496
16399,5.821924597060146
16400,67.5061463457638
16401,261.47113802242467
16402,1139.5633795146853
16403,0.04567033328757045
16404,63.64683401100669
16405,772.8611525936176
16406,1.5804881309414136
16407,1166.2009134748705
16408,0.003252174963496989
16409,0.0020268713349893028
16410,5.460834047594081
16411,19819.74424883749
16412,0.7929407668886483
16413,0.8685717805013234
16414,0.2484474684185849
16415,0.9101031717613826
16416,710.9262771966035
16417,0.0018268109604777922
16418,180.77242598320814
16419,0.03994088068564033
16420,65.14086496849576
16421,925.5766681396376
16422,1163.0625276182059
16423,658215.6031816173
16424,2.2523905163231395
16425,0.00190381889862861
16426,1169.7618205921344
16427,0.2584537827203125
16428,0.5192756760352216
16429,488.99871577345306
16430,0.0010023829300487535
16431,7.606445731172017
16432,0.1575521286594493
16433,1122.7767779680773
16434,-62.08413162231446
16435,13.593610000610376
16436,2197145296.398794
16437,4.705164122877491
16438,33.74553346633911
16439,5.312354600905084
16440,119.73140716552734
16441,24.60412370489583
16442,-25.637023690283044
16443,-27.517967224121094
16444,-141.40367126464844
16445,261.1350784301758
16446,14.52789099890953
16447,276.5567428173288
16448,0.5220369831582502
16449,34.7647699288211
16450,2197145296.398794
16451,0.05129152472830137
16452,1208.589228203864
16453,640.0705549195
16454,24.298403484437117
16455,210481.13065676606
16456,1702.135246046858
16457,201.08299590871036
16458,2.4505325407013974
16459,0.9759799009870002
16460,1.1620524981439864
16461,1.9207859423295848
16462,1.04840295460069
16463,1.162052498143986
16464,0.010746744843308178
16465,7.265577353612736
16466,0.5803753426253382
16467,0.5396060030550217
16468,0.5803753426253382
16469,0.5396060030550217
16470,0.9991303623898038
16471,0.9789048382817892
16472,-0.46599066751674667
16473,0.9932157062720146
16474,0.4811692914509415
16475,0.026126934787225352
16476,48.59680696887423
16477,5.722516312349416
16478,50.88338211235292
16479,201.08299590871033
16480,1106.128555118722
16481,0.04937262693933064
16482,51.18025789189681
16483,661.2924904227632
16484,2.2349500562754376
16485,1367.4292565464582
16486,0.0072366279567442505
16487,0.0031757969216492676
16488,5.667889830137325
16489,15585.014216862055
16490,0.6928344687238565
16491,0.7799711340979129
16492,0.5734176293115456
16493,0.8565442267209348
16494,577.286822515827
16495,0.0026172843233742337
16496,41.47856430707876
16497,0.04135450080466477
16498,64.55888408735098
16499,962.2871385842473
16500,25165.516450648054
16501,14331082.586241277
16502,48.61401785069035
16503,0.0031548505007866832
16504,150.1764705882353
16505,0.14972728872206909
16506,0.3856059632423016
16507,359.59303794200497
16508,0.0006952105059830233
16509,7.904376454281895
16510,0.034914888432485115
16511,24345.20517212073
16512,-8.922274472981474
16513,8.950606397375156
16514,2587435817.0800323
16515,2.6389540925635746
16516,8.795883566937398
16517,9.08562551591456
16518,79.95915579496408
16519,5.677622272547853
16520,0.01945860430279427
16521,0.03250439830586041
16522,-137.20682471830972
16523,217.16598051327378
16524,3.684471369263714
16525,300.11634978677404
16526,-0.12462158627371256
16527,7.625474943787621
16528,2587435817.0800323
16529,0.20038306068217837
16530,58.14786811833282
16531,812.1440986289375
16532,28.499960897780582
16533,119.96224930119638
16534,-0.5553751171214268
16535,4.614087376597168
16536,5.028783519160984
16537,-0.04314321964576796
16538,1.657433623259393
16539,2.3821586492188533
16540,2.274549841029725
16541,1.657433623259394
16542,0.04184858863744226
16543,5.2651515678177905
16544,0.5038252248968599
16545,0.4433590139950809
16546,0.5038252248968599
16547,0.4433590139950809
16548,0.9974386777853346
16549,0.9647018246485333
16550,-0.010661521984620564
16551,0.2299769502823083
16552,0.4240156847557667
16553,0.08251067458800099
16554,56.99992179556116
16555,3.1113283889511987
16556,2.4107177239395376
16557,4.614087376597167
16558,4278.631880717241
16559,0.18337323809148742
16560,2.75110050338026
16561,815.1624889038586
16562,1.8381055573592633
16563,1496.851146309355
16564,0.0023212114964124867
16565,0.0012862345293046123
16566,3.551302056180648
16567,16250.165173105608
16568,0.6963522830310074
16569,0.812229716883875
16570,0.32182610081804863
16571,0.8606646112269382
16572,701.8194629781823
16573,0.0011140420197296886
16574,368.3058027767889
16575,0.13111634132317154
16576,10.368752931538648
16577,824.2936988252047
16578,48768.082235671056
16579,39625394.37878249
16580,60.20265821403176
16581,0.001630754216725298
16582,1334.4617301530793
16583,0.4750664756685936
16584,0.7166709857177206
16585,589.9753386472006
16586,0.0012748925710572019
16587,5.012397649942567
16588,0.09778257388519511
16589,48663.49538868416
16590,-19.284277673869894
16591,19.14448360688019
16592,2592791016.27456
16593,3.712943286263116
16594,18.64247534899022
16595,4.666756471097379
16596,114.03069866999019
16597,12.160336365943529
16598,-0.012173348046953162
16599,0.03603699138148702
16600,-86.21940841306557
16601,200.25010708305575
16602,7.853391672029746
16603,300.4267636895107
16604,0.14743544106587264
16605,16.234044523496735
16606,2592791016.27456
16607,0.09606884564439515
16608,263.5442015908743
16609,342.6523985656128
16610,18.50822410427498
16611,2315.148120679568
16612,14.696685251473705
16613,21.770907318380456
16614,21.384179674675046
16615,0.008841519425533219
16616,3.4287511884291293
16617,3.311765830775448
16618,9.535829378762045
16619,3.42875118842913
16620,0.009936964094425368
16621,7.391030435716781
16622,0.3565685518979589
16623,0.26892375159465254
16624,0.3565685518979589
16625,0.26892375159465254
16626,0.9879786959243768
16627,0.9269111419994792
16628,-0.016768798552495273
16629,0.3385780652015471
16630,0.27360387385641094
16631,0.026393526239469587
16632,37.01644820854999
16633,4.2166418767811695
16634,10.788771748263867
16635,21.77090731838045
16636,2379.730255448167
16637,0.09205561382348813
16638,11.262904722195323
16639,353.3165251452782
16640,1.3698114311058116
16641,482.01369289074836
16642,0.004472324322157909
16643,0.0033446598100929205
16644,4.261187808656116
16645,21279.410360421294
16646,0.8222149369462932
16647,0.8999199359487591
16648,0.13232101987908038
16649,0.9248854562505134
16650,327.1841632337237
16651,0.00311412779589283
16652,438.707473508087
16653,0.06116947483381024
16654,23.712063537043264
16655,366.0858895705521
16656,3090.6523982152817
16657,1064363.4859174567
16658,9.045076870661426
16659,0.0039310444059768085
16660,2797.9263803680983
16661,0.3901180117635385
16662,0.6488130242327719
16663,240.66689664604738
16664,0.0027070231406443215
16665,6.306363912907919
16666,0.24966059804365232
16667,3074.608866135703
16668,-22.623305908909558
16669,22.9137445518582
16670,2597465894.6020885
16671,3.9537644245527543
16672,22.065410515865807
16673,4.507543405142672
16674,121.55514416302637
16675,14.384350202906834
16676,0.08540391991348992
16677,-0.23053119238038425
16678,-95.96189518356147
16679,217.51703934658784
16680,9.290678030445767
16681,300.6974808544966
16682,0.15320061435160892
16683,19.17616610437879
16684,2597465894.6020885
16685,0.08127176337457853
16686,367.725346462726
16687,422.1496689426888
16688,20.51098059185763
16689,5494.577094367419
16690,35.8088687687776
16691,33.06038124138076
16692,27.263017982538365
16693,0.09541329476131677
16694,3.791650487416063
16695,3.392769188652159
16696,11.911585368117365
16697,3.791650487416065
16698,0.0077294690753662125
16699,7.751641819172404
16700,0.3460229662377626
16701,0.25908742682591696
16702,0.3460229662377626
16703,0.25908742682591696
16704,0.9873631615204568
16705,0.9267762339390032
16706,-0.04783709522675521
16707,0.44312531415336165
16708,0.26062101962430356
16709,0.02019678606524476
16710,41.02196118371531
16711,4.497632355303092
16712,15.080849805979797
16713,33.06038124138078
16714,2063.531007351078
16715,0.0784502015996543
16716,15.542035806250238
16717,436.52914505274555
16718,1.302477520430013
16719,565.3190173866484
16720,0.0035883634341088064
16721,0.0028279694495383784
16722,4.431307462395083
16723,22332.105670703066
16724,0.8482487371668748
16725,0.915646229358068
16726,0.10766524790073975
16727,0.9369511083724406
16728,409.64144125298156
16729,0.002668809882184434
16730,468.99522075557576
16731,0.0533676855661784
16732,29.213387198457617
16733,452.1549840691853
16734,880.1282430587164
16735,369196.9493627674
16736,2.115454602353142
16737,0.003374310635232806
16738,3489.4792899408285
16739,0.39707320094911563
16740,0.6548907272034042
16741,298.4258390751655
16742,0.0024184752427461836
16743,6.458472123959598
16744,0.3059142966547151
16745,869.4426051843982
16746,-73.65429222767517
16747,56.83937516786407
16748,2580060917.169973
16749,5.441703197164842
16750,59.9376110093842
16751,4.994723523608476
16752,290.9706494019088
16753,40.79359044527313
16754,-5.458756149139687
16755,-1.1675706837351416
16756,-355.51203954727663
16757,646.4826889491854
16758,25.667983336496942
16759,299.68833773219603
16760,-0.5628976382059738
16761,55.30420818956555
16762,2580060917.169973
16763,0.02956162978272726
16764,3058.555443474809
16765,5121.308041909409
16766,71.35741324790513
16767,461107.6091161681
16768,-3094.5786837836386
16769,301.0273501734714
16770,183.31761218230926
16771,0.23774382365205174
16772,9.486773101003925
16773,4.657107316122137
16774,86.76168892635724
16775,9.486773101003955
16776,0.0011655188774732424
16777,10.540546955410223
16778,0.2105928001608106
16779,0.12843183839017916
16780,0.2105928001608106
16781,0.12843183839017916
16782,0.9899579460518309
16783,0.9363825238081448
16784,-0.05985795363164595
16785,0.6079527799281811
16786,0.1321956394777973
16787,0.003743490476394707
16788,142.7148264958104
16789,6.071886162243818
16790,121.08624058894483
16791,301.02735017347106
16792,802.9840303366437
16793,0.029124255531193095
16794,124.97270414374253
16795,5218.356359420671
16796,1.131341630354245
16797,5914.266154709926
16798,0.0002835293867707884
16799,0.0002571529643134641
16800,5.701798098185733
16801,25474.543407666963
16802,0.9236205736328511
16803,0.9597617893646018
16804,0.04507499137166567
16805,0.9698073118727297
16806,5058.527176131135
16807,0.0002510670101617346
16808,411.5792809334834
16809,0.024378326182164508
16810,159.10043633167638
16811,5177.064325060712
16812,7.193567493928804
16813,38261.31054907303
16814,0.0014916518868295673
16815,0.00029110994095589773
16816,8600.946099626844
16817,0.509444180514532
16818,0.7419383745663839
16819,3821.734131082934
16820,0.00023637938665827
16821,7.139739261239298
16822,0.5877049465659484
16823,4.29834924285569
16824,-16.734084461105525
16825,17.37992362228596
16826,2595481230.3542
16827,3.540693516123626
16828,16.588027166599176
16829,5.068187893327219
16830,134.48152693487697
16831,10.782567756916876
16832,0.2375640103928262
16833,0.10706808014540808
16834,-99.3290023813727
16835,233.81052931624967
16836,6.987701884789638
16837,300.58258087031277
16838,0.11305279447423996
16839,14.397676193170268
16840,2595481230.3542
16841,0.10773652029395178
16842,207.2930797633819
16843,424.3425633919567
16844,20.56078875332702
16845,2023.5393460589592
16846,6.501086135617064
16847,20.181082811367375
16848,13.795000052456578
16849,0.1870250261971692
16850,2.7186445890024227
16851,2.970804855980516
16852,6.058006762170467
16853,2.718644589002423
16854,0.01310266316889654
16855,6.966281747099266
16856,0.4051113155538135
16857,0.32485027791544147
16858,0.4051113155538135
16859,0.32485027791544147
16860,0.9939477688214167
16861,0.947583986318616
16862,-0.04129505892754626
16863,0.38431047210870317
16864,0.325848445876778
16865,0.03108149275244031
16866,41.12157750665402
16867,4.160356992280276
16868,8.494020715955994
16869,20.18108281136739
16870,2633.121483365723
16871,0.103045160207653
16872,8.92557651909406
16873,431.10810163037945
16874,1.416052968196198
16875,608.2534358674413
16876,0.0036060817187727507
16877,0.002591473694379828
16878,4.1341272945240215
16879,20613.300497269935
16880,0.8058205848449708
16881,0.8895651638367551
16882,0.14982659615519542
16883,0.9171236139810678
16884,395.79112695187416
16885,0.002388619863812134
16886,405.740604643394
16887,0.06777026969156406
16888,20.833215968823268
16889,443.4731919158176
16890,6381.862869550693
16891,2676048.211959245
16892,15.330310140110024
16893,0.0029865997089697843
16894,2206.17821947553
16895,0.36849477525898283
16896,0.6296125064835307
16897,281.9857211514433
16898,0.0019857158622504927
16899,6.234001364672299
16900,0.20841020642601038
16901,6358.839863242471
16902,-49.41467730687019
16903,40.73655644741352
16904,2559948257.9043565
16905,4.929081506783178
16906,43.49957557256649
16907,4.666676575328852
16908,178.56058109195487
16909,28.490207304836385
16910,-3.936618283037073
16911,-2.0944302712540757
16912,-207.74979585302356
16913,386.31037694497843
16914,18.27676603462109
16915,298.5179540847291
16916,-0.43282291339869616
16917,38.20265589259937
16918,2559948257.9043565
16919,0.04150285861687242
16920,1459.4429172483572
16921,1757.9322129388408
16922,41.69014930086408
16923,114621.81300217999
16924,-815.6517825614225
16925,154.9504350235775
16926,75.49632498512892
16927,0.34147052747883777
16928,6.228486275955933
16929,4.095192542029007
16930,34.93582499832665
16931,6.228486275955931
16932,0.002196085235648497
16933,9.57654882727467
16934,0.26197537694991374
16935,0.17310557541937102
16936,0.26197537694991374
16937,0.17310557541937102
16938,0.9884080204923558
16939,0.9302939524201268
16940,-0.05329370633660597
16941,0.5693254889471479
16942,0.17904791270919973
16943,0.006853672934682367
16944,83.38029860172819
16945,5.62376704309573
16946,57.6116900021766
16947,154.95043502357765
16948,1104.8327593226024
16949,0.040741149966093425
16950,60.03337504057182
16951,1797.461477258711
16952,1.1886306323067841
16953,2138.910302424981
16954,0.0008448789114774165
16955,0.0007307404549431113
16956,5.269963244655277
16957,24300.947214727013
16958,0.8957342738016596
16959,0.9440033632256974
16960,0.06568071947517509
16961,0.9580778131505348
16962,1721.6235422440539
16963,0.0007052283480974229
16964,436.167831128289
16965,0.032419193632249814
16966,83.97239485223024
16967,1791.6079232941877
16968,26.096253902185225
16969,47892.55894157871
16970,0.014882420092004503
16971,0.0008450999568453161
16972,5842.139884049353
16973,0.4342307034375913
16974,0.6849958621674007
16975,1225.9139341891782
16976,0.0006342775032483629
16977,7.028590839782345
16978,0.46833988930274656
16979,21.537168767959905
16980,-53.36712724218435
16981,44.244398996173075
16982,2571797028.0571585
16983,5.041447775982811
16984,46.00670003244988
16985,5.416646488461251
16986,203.85914291463942
16987,30.75682010043629
16988,-3.701977204085259
16989,-1.5545373310173787
16990,-308.04786867657634
16991,511.9070115912158
16992,19.578553950660055
16993,299.20800459808186
16994,-0.530983142122659
16995,41.628256062407665
16996,2571797028.0571585
16997,0.038658291587615426
16998,1732.9117027973805
16999,3856.203219125079
17000,61.71667062232051
17001,311914.02063219855
17002,-2122.3924609885544
17003,235.99086071056823
17004,46.96818053235476
17005,0.6681816089858026
17006,5.0637860760717395
17007,3.830131448168104
17008,20.790108819037012
17009,5.063786076071743
17010,0.0021569351340816985
17011,9.591789381655339
17012,0.28963562501694395
17013,0.19896740979256877
17014,0.28963562501694395
17015,0.19896740979256877
17016,0.9956669271331129
17017,0.9547696540784338
17018,-0.10337258547699105
17019,0.7907568268336614
17020,0.2025927329216877
17021,0.006058062188949881
17022,123.43334124464103
17023,5.91662973358945
17024,70.73976031073079
17025,235.99086071056786
17026,1035.7947473131273
17027,0.03798430714541529
17028,71.18837320696953
17029,3882.5587124883223
17030,1.1688419739304066
17031,4542.677297571017
17032,0.0003681292276545096
17033,0.00032291269844140846
17034,5.356698540949626
17035,24681.419928183877
17036,0.9047817212659385
17037,0.9492570645144874
17038,0.05840595128120562
17039,0.9619565465529638
17040,3734.034343309085
17041,0.0003126844460367802
17042,443.3078831312018
17043,0.03054767662149957
17044,97.25514443280184
17045,3863.080071664829
17046,15.971816427783903
17047,62503.023359977946
17048,0.0042573657735329095
17049,0.0003689882699131195
17050,6567.407386990078
17051,0.452550123138787
17052,0.6993463633619803
17053,2694.5967308912163
17054,0.0002843505821161395
17055,7.0331786014550755
17056,0.5051693528736032
17057,12.053260863495549
17058,438.5615748704129
17059,1046.6341226756617
17060,35445080713.81913
17061,7.431295115465886
17062,269.23518670540693
17063,3.1024933992130994
17064,1583.7857296782843
17065,176.5314197116505
17066,787.4415344061507
17067,821.2253144034275
17068,50.97591696845716
17069,1532.8098127098272
17070,117.52637499326454
17071,1110.7922669080644
17072,-0.6165322286479717
17073,226.56206538419661
17074,35445080713.81913
17075,0.006941082991817045
17076,51330.36947115298
17077,23917.914444491653
17078,148.52537534349756
17079,202038665.721919
17080,-518743.4170760812
17081,8043.6353724852925
17082,611.336645731081
17083,0.8590312895427157
17084,18.64027703851917
17085,5.636194096960005
17086,254.56639060679424
17087,18.64027703851926
17088,0.00011312153617090945
17089,13.529544959088113
17090,0.12721734156343179
17091,0.0634883778015335
17092,0.12721734156343179
17093,0.0634883778015335
17094,0.9936749837499669
17095,0.9449661950792618
17096,-0.1849454842349736
17097,0.9661552909645788
17098,0.06685371374086163
17099,0.0004642605688373234
17100,297.05075068699625
17101,8.368391318045026
17102,2163.743004554088
17103,8043.635372485333
17104,196.2089070358235
17105,0.006951688144425923
17106,2035.6353749484572
17107,23984.26530338265
17108,1.0546192700973342
17109,25191.51421172709
17110,0.00013406151009544404
17111,0.0001260444015480427
17112,7.547827122411144
17113,27268.82173949268
17114,0.9661036755629049
17115,0.9825144396453608
17116,0.018658656218327293
17117,0.9869862566291834
17118,23692.50049935332
17119,0.00012422533328999388
17120,161.50045765592992
17121,0.007039204012375448
17122,1879.7877126052415
17123,24182.267314649347
17124,2.149108660593645
17125,46731.798282700605
17126,0.00035828787297575033
17127,0.00012665341446856622
17128,16130.910735300527
17129,0.7030863764677909
17130,0.8639444823467208
17131,20866.382712575352
17132,0.00011346134792339637
17133,8.239093742684206
17134,0.7986563163574337
17135,0.5813466429158459
17136,4.0
17137,28727.0
17138,28727.0
17139,10092.596042013218
17140,0.3513278811575597
17141,0.4494431336141791
17142,2.224975586919172
17143,72.2841614740048
17144,59.22837157984339
17145,65.92419889539804
17146,65.43699259593154
17147,63.32228663446015
17148,39.33698319518109
17149,34.18693828791029
17150,0.6212186148971728
17151,0.539887930536382
17152,254.85504550684175
17153,442.03569911678983
17154,11560925000.036125
17155,5.714526479429097
17156,74.49026011008141
17157,4.243381612596508
17158,680.7865328029482
17159,55.689325067600315
17160,329.9651086653785
17161,314.065252261009
17162,126.8845986510609
17163,553.9019341518873
17164,33.78831604174586
17165,634.382442460919
17166,1.0644088802610414
17167,74.7331597545501
17168,11560925000.036125
17169,0.025808132600816557
17170,5585.045166899107
17171,1988.3511027850964
17172,42.21958717383664
17173,3029678.1396691394
17174,27221.087494961877
17175,857.9357718190062
17176,34.58282642949969
17177,0.9225764350677781
17178,4.105358043700229
17179,3.5718908986226556
17180,17.297807549371687
17181,4.10535804370024
17182,0.0020915136085720674
17183,9.940195569452921
17184,0.3439198320459959
17185,0.25918706266279123
17186,0.3439198320459959
17187,0.25918706266279123
17188,0.9972894122052254
17189,0.9658265533482823
17190,-0.25645859728263143
17191,0.9703166115590225
17192,0.2565623376408537
17193,0.00953984511277177
17194,84.4391743476733
17195,6.692559726300724
17196,223.12964956212667
17197,857.935771819007
17198,647.7005987609799
17199,0.02475107111958756
17200,227.97956453574503
17201,1963.8235621369308
17202,1.3393883186061473
17203,2552.1896605137877
17204,0.0012333742607003556
17205,0.0009518221722817669
17206,6.2050608335131106
17207,22173.591457099763
17208,0.8469217335932939
17209,0.9106040685391114
17210,0.13086159949295348
17211,0.9361077564433823
17212,1850.495040523669
17213,0.0008989290321720874
17214,167.39239302694136
17215,0.017685408666343515
17216,283.533099045082
17217,2194.576122556788
17218,155.78478605388273
17219,215487.1087163233
17220,0.1317418868973387
17221,0.0011383899296391353
17222,3637.324352879028
17223,0.38429206052604625
17224,0.6435603429901019
17225,1468.958777280357
17226,0.0008044988346750018
17227,8.084381656855523
17228,0.329480976085216
17229,146.57309609820035
17230,-23.960050964355467
17231,20.747227478027344
17232,2584357583.4004807
17233,3.9670274927634765
17234,21.949960231781006
17235,5.541299934331381
17236,127.64871215820312
17237,14.605486094830646
17238,-0.719959679896017
17239,0.10393714904785156
17240,-136.0735321044922
17241,263.7222442626953
17242,9.305250337773712
17243,299.9377746933697
17244,-0.18686677379708105
17245,19.8526107604905
17246,2584357583.4004807
17247,0.08188443323534343
17248,394.12615400754316
17249,812.5078556281508
17250,28.29970745365071
17251,16321.433552618304
17252,-92.55803625400856
17253,54.69916849449225
17254,8.163110137151001
17255,0.7401960812997807
17256,2.0005381497669075
17257,2.6385975893021025
17258,4.06664565555352
17259,2.0005381497669084
17260,0.011606824165627793
17261,7.2562566842511504
17262,0.4799553988157016
17263,0.4155115752963366
17264,0.4799553988157016
17265,0.4155115752963366
17266,0.9972486948551614
17267,0.9654728854025469
17268,-0.169379677355047
17269,0.847155252253408
17270,0.3921652628405798
17271,0.02837326349704701
17272,56.59941490730142
17273,4.860530556982852
17274,15.715569657910816
17275,54.699168494492284
17276,1879.1817860239053
17277,0.07862968300771919
17278,17.10733806902271
17279,820.0411887932022
17280,1.7565829120349468
17281,1440.586978700159
17282,0.002368899075097437
17283,0.0013991680069626693
17284,4.791731035954536
17285,17389.082812149063
17286,0.725431306580308
17287,0.8315655869176944
17288,0.29737050645792107
17289,0.8757899489851615
17290,718.2434903578508
17291,0.0012382522529956234
17292,160.3271028037383
17293,0.046824504323521705
17294,38.98839325734162
17295,818.7418224299065
17296,8218.922605140187
17297,6927279.485689253
17298,9.858275699572333
17299,0.0018940831635017013
17300,987.3393691588785
17301,0.28835846061883136
17302,0.553329963616041
17303,449.74064674316674
17304,0.0012177148662601658
17305,7.21269951144982
17306,0.11919100497789537
17307,8148.532269381469
17308,-70.39021759033203
17309,24.05925102233887
17310,2371246515.525151
17311,4.906671739093252
17312,44.57430362701416
17313,3.8828330573514793
17314,126.67669677734375
17315,29.43845024633284
17316,-15.349055987786699
17317,-9.495615005493164
17318,-190.77725219726562
17319,317.4539489746094
17320,18.87655319929316
17321,287.30502085840476
17322,-0.3941773025384334
17323,38.96171304504199
17324,2371246515.525151
17325,0.04311217608654312
17326,1518.0150834041951
17327,1374.405843387602
17328,36.29531540776168
17329,210477.92365955736
17330,-1512.021504405222
17331,234.95438633637553
17332,6.734549416788674
17333,0.9442401247952341
17334,1.8348437774923356
17335,2.5252116972679106
17336,3.2425635667684847
17337,1.8348437774923378
17338,0.006710786333243712
17339,8.10953759160229
17340,0.49955631753775154
17341,0.43863190337710345
17342,0.49955631753775154
17343,0.43863190337710345
17344,0.9984193553027157
17345,0.9732480193950892
17346,-0.34480233368747043
17347,0.9803014877750422
17348,0.39904870996846287
17349,0.0208367617402593
17350,72.59063081552331
17351,5.8734568632943045
17352,60.42223393829106
17353,234.9543863363757
17354,983.5306778682833
17355,0.04124970590699857
17356,63.69053043573849
17357,1378.4310817575415
17358,1.8615082271958299
17359,2625.300364700854
17360,0.0017082270288979436
17361,0.0009939483108192362
17362,5.703357388966823
17363,17902.435733131388
17364,0.7492650807784478
17365,0.8294394713094886
17366,0.39503882236106047
17367,0.8875413701561394
17368,1218.669982975511
17369,0.0008947340804148812
17370,97.7836953287712
17371,0.02909363145753383
17372,97.51606783786015
17373,1363.6138054150551
17374,4878.846474263612
17375,7500690.505801844
17376,3.266763942369093
17377,0.0014357735890826984
17378,909.386194584945
17379,0.27057012632696964
17380,0.5349355979627737
17381,734.3263927658612
17382,0.0009240633045440264
17383,7.884912821706811
17384,0.11699794618303339
17385,4805.792554407758
17386,-96.20851440429686
17387,3.3649558067321808
17388,2004177969.3873584
17389,4.904652569156017
17390,41.14989185333252
17391,3.6467946296474536
17392,108.66709899902344
17393,29.295160760904576
17394,-38.761276566370015
17395,-33.078285217285156
17396,-185.941162109375
17397,294.60826110839844
17398,18.516913610821558
17399,264.13320720152643
17400,-0.4760992041411758
17401,38.99590395582441
17402,2004177969.3873584
17403,0.04382613035720159
17404,1520.6805253318819
17405,994.3161477105226
17406,30.596028495550055
17407,200610.91364423232
17408,-1765.8225489211814
17409,236.1123512227878
17410,3.318973398870834
17411,0.9722362383705085
17412,1.3003785938972612
17413,2.1030200703387907
17414,1.5597715536624248
17415,1.3003785938972623
17416,0.0096957877453109
17417,7.602837327205674
17418,0.5675232971573178
17419,0.5224116101245654
17420,0.5675232971573178
17421,0.5224116101245654
17422,0.9990823003867564
17423,0.9791979914197012
17424,-0.44497093257254505
17425,0.9925723121303651
17426,0.4529250817791177
17427,0.03647612698704103
17428,61.192056991100074
17429,5.872896777006465
17430,59.85783115541465
17431,236.11235122278794
17432,904.3188932727242
17433,0.039973188701960566
17434,65.70547713750217
17435,993.116114850168
17436,2.28072197206536
17437,2355.908602926763
17438,0.003233487724872779
17439,0.0016733014301343564
17440,5.852838755848997
17441,16243.696206458777
17442,0.7158594068506494
17443,0.7863789359246588
17444,0.6438542215189224
17445,0.8685452847913684
17446,856.1441528908862
17447,0.0014864646251803416
17448,43.591723285979
17449,0.02692509159109265
17450,109.96636351534362
17451,932.5824583075973
17452,11508.211859172328
17453,12377358.209388511
17454,11.212045335535997
17455,0.0033093008434293943
17456,289.49289684990737
17457,0.17880969539833685
17458,0.42623406563159294
17459,394.2983893470782
17460,0.001867121558557313
17461,8.377915216637279
17462,0.056358129982246666
17463,11193.374072023811
17464,-1.226775958168512
17465,1.2037789492936226
17466,2585466359.804555
17467,1.0612967162731426
17468,1.164832002047329
17469,591.4360764310619
17470,61.74235923513958
17471,0.8333756943999995
17472,-0.0014776738453360944
17473,-0.002026634674512709
17474,-84.64963365936502
17475,146.3919928945046
17476,0.4948245658814432
17477,300.0021094949421
17478,-1.6348917404380592
17479,1.467073119820634
17480,2585466359.804555
17481,0.4935992291769761
17482,2.1523035389002483
17483,306.3052533504957
17484,17.50202185256721
17485,5.553320232454734
17486,0.009429390487522329
17487,0.5261853437639826
17488,0.5882478083469209
17489,-0.05577002903956946
17490,0.5418117089205187
17491,1.0307082981791478
17492,0.28685958582162163
17493,0.5418117089205187
17494,0.25289516025479386
17495,2.0814772029622155
17496,0.7327039547545211
17497,0.7318699022039248
17498,0.7327039547545211
17499,0.7318699022039248
17500,0.9993534093719669
17501,0.9825611057216965
17502,-0.031360576263463884
17503,0.24514575997708737
17504,0.5273153819507123
17505,0.29040295418024603
17506,35.00404370513442
17507,1.5016275158052697
17508,0.2786082880277259
17509,0.5261853437639827
17510,7939.7043123095755
17511,0.48887774407010703
17512,0.32280737938600623
17513,306.6352988181131
17514,4.585567141691384
17515,1405.75542711398
17516,0.015070857019162292
17517,0.003335628924873338
17518,2.8315948139909404
17519,6422.536549882545
17520,0.392091979132726
17521,0.5652548794888752
17522,1.3826406653590928
17523,0.6378070888145525
17524,195.61826776165623
17525,0.0021500932536995033
17526,46.94805194805195
17527,0.3048574801821555
17528,7.064260414909766
17529,326.87012987012986
17530,2430734.850649351
17531,744956196.5974026
17532,7957.248297207476
17533,0.00969704941616753
17534,94.45454545454545
17535,0.6133412042502951
17536,0.8082035838989212
17537,266.577394099546
17538,0.009067986111125111
17539,3.3348159911656734
17540,0.005360810387440387
17541,2395938.0666638557
17542,-8.01449827865741
17543,8.1311100552696
17544,2587629521.6455603
17545,2.5480219188694346
17546,7.403244989345826
17547,8.724608453032294
17548,79.59704661695778
17549,5.256392226701965
17550,0.03285520888166454
17551,0.06666685825315155
17552,-73.37451082531345
17553,152.97155744227123
17554,3.1589992707774766
17555,300.1275834604313
17556,0.024451450140299157
17557,7.5400364060419784
17558,2587629521.6455603
17559,0.22593815554107377
17560,56.85214900443844
17561,240.31661822853917
17562,15.504280568989468
17563,160.78309695232824
17564,-0.376417641522674
17565,4.635647231223825
17566,4.900070637469023
17567,-0.028139195753396844
17568,1.5115398359871792
17569,2.321844572543064
17570,2.6094923933681287
17571,1.5115398359871788
17572,0.055995719030109116
17573,5.063283029318429
17574,0.5427864134231539
17575,0.49280993693484376
17576,0.5427864134231539
17577,0.49280993693484376
17578,0.9950894656610768
17579,0.9556452457733453
17580,-0.02447784132456981
17581,0.3427446186999846
17582,0.43831906309884167
17583,0.10932830145239389
17584,31.008561137978933
17585,3.0436214649210918
17586,2.383929467173212
17587,4.6356472312238255
17588,4307.962124162168
17589,0.19889083508561084
17590,2.842883272045012
17591,243.2685100356833
17592,2.532395450388243
17593,613.5186488410708
17594,0.010826817122712875
17595,0.004385194126698721
17596,3.7171241011125704
17597,13730.06273849301
17598,0.6241463942092876
17599,0.7527091907639822
17600,0.6277470356894573
17601,0.8130247424065424
17602,198.09934333719565
17603,0.0035961336184686826
17604,216.90622009569378
17605,0.10378288042856161
17606,11.344087589569837
17607,253.43684210526317
17608,71437.52775119618
17609,17198544.423923444
17610,298.51751255066205
17611,0.005437058204012445
17612,619.9617224880383
17613,0.29663240310432454
17614,0.5597659892046846
17615,143.6820771688831
17616,0.0033754448585707974
17617,6.032091495883904
17618,0.07275385525811955
17619,71248.60338385109
17620,-2.6267018792102883
17621,2.554884964889445
17622,2585068836.181466
17623,1.4146404856025112
17624,1.9691598587863095
17625,18.065420706131615
17626,52.66150633874116
17627,1.7106115112081792
17628,-0.03354598543844956
17629,-0.0064917934245054265
17630,-39.96705534392294
17631,92.6285616826641
17632,0.8853365558800252
17633,299.97904547218434
17634,-0.10820049585885001
17635,2.7484883723158764
17636,2585068836.181466
17637,0.43534024853982906
17638,7.554188332755576
17639,72.19524697720294
17640,8.49308941387597
17641,6.773117000655782
17642,-0.11906750208773056
17643,1.0232161035751808
17644,0.772500040920961
17645,0.14000721407643138
17646,0.5762067858372569
17647,1.252837669534738
17648,0.418751772884309
17649,0.576206785837257
17650,0.20871555473041192
17651,2.7267496680125083
17652,0.7369227508468181
17653,0.7300235875169354
17654,0.7369227508468181
17655,0.7300235875169354
17656,0.9978908635495303
17657,0.9716305885301026
17658,-0.07505149100235733
17659,0.3569668604881247
17660,0.4666577227708839
17661,0.2567023807428681
17662,16.98617882775194
17663,1.9582683230374165
17664,0.44892903612403534
17665,1.0232161035751808
17666,6625.724649173106
17667,0.39930212509146934
17668,0.5862588279682038
17669,72.65294448171356
17670,4.676739523739991
17671,339.05077814571877
17672,0.06589697851203989
17673,0.014353014825499309
17674,3.235439560512521
17675,6966.524459097098
17676,0.41268383704383466
17677,0.5769913589734662
17678,1.4629483861407837
17679,0.6555186623848177
17680,47.67661323278748
17681,0.009517785605068567
17682,226.01075268817203
17683,0.2700247941316273
17684,3.775913578819502
17685,74.5005973715651
17686,391691.8506571087
17687,28396535.322580647
17688,5478.187803166269
17689,0.017829525683422873
17690,252.78255675029868
17691,0.3020102231186364
17692,0.5573597447215936
17693,41.466714848114925
17694,0.009938803568475305
17695,4.481439912672781
17696,0.029136352560309116
17697,390513.89312687254
17698,-25.809496394705537
17699,25.64759994264662
17700,2596979365.3740997
17701,4.15371359037846
17702,23.37290712806027
17703,6.435739367709301
17704,188.9449555500551
17705,16.43693930566688
17706,-0.20995313854713404
17707,-0.9823907331993658
17708,-120.81548549450743
17709,309.7604410445625
17710,10.046163369725278
17711,300.6693178351266
17712,0.39718984929846063
17713,22.977521412203412
17714,2596979365.3740997
17715,0.07426680930742315
17716,527.9664902482663
17717,654.4405971251024
17718,25.45130069029012
17719,18369.04033617767
17720,115.99658065858645
17721,55.94797270135986
17722,29.260526048251315
17723,0.31263023232395976
17724,3.6558927309035374
17725,3.3718831527138344
17726,14.992237980990673
17727,3.655892730903539
17728,0.007404708780584659
17729,8.038227884118154
17730,0.36940671454435553
17731,0.28783015450387983
17732,0.36940671454435553
17733,0.28783015450387983
17734,0.9930134001816197
17735,0.94814116842979
17736,-0.070509959028731
17737,0.5619269485375177
17738,0.2855046066159767
17739,0.021599858089791597
17740,50.90260138058027
17741,4.860462225621391
17742,21.30212468740278
17743,55.94797270135993
17744,1799.6504690875142
17745,0.07084047459622665
17746,22.67701911017928
17747,672.1627098447827
17748,1.4838035448112297
17749,985.1103789495253
17750,0.002616872826334123
17751,0.0018130534942550625
17752,4.768992141337723
17753,20506.90409787888
17754,0.8035784930846996
17755,0.88384286024137
17756,0.18741205016962129
17757,0.9147464966615514
17758,616.7190573870886
17759,0.0016707036112359338
17760,297.2697798929209
17761,0.04421025875861405
17762,45.828687099687485
17763,715.0480368828079
17764,790.8460737656158
17765,489594.8552944676
17766,1.2912527753649468
17767,0.002131818165231317
17768,2226.443783462225
17769,0.33111894459580976
17770,0.595515671642876
17771,436.8283689791579
17772,0.0013671927053166327
17773,7.130021177605104
17774,0.23406551328018937
17775,772.5934568378218
17776,-2.3368742613695197
17777,2.318323175545223
17778,2585815902.01219
17779,1.3629800273493184
17780,1.9076428570194588
17781,131.67474431459675
17782,95.48956134959822
17783,1.6108045987407655
17784,0.008890571315536774
17785,-0.00697357382956032
17786,-47.9599941016694
17787,143.44955545126763
17788,0.8373131208030686
17789,300.022388206989
17790,3.744842577873736
17791,2.845874838012217
17792,2585815902.01219
17793,0.4462116777592245
17794,8.099003593631064
17795,110.34043207230623
17796,10.500871810010102
17797,34.21868929262642
17798,1.295076342321805
17799,1.0589803617398312
17800,0.770489876859569
17801,0.15557405161638077
17802,0.5424311843794426
17803,1.1927098480970453
17804,0.45800705961897736
17805,0.5424311843794427
17806,0.2200135643023775
17807,2.6000492824412635
17808,0.7491104689645011
17809,0.7441430149946301
17810,0.7491104689645011
17811,0.7441430149946301
17812,0.9991737180878202
17813,0.9826982288363838
17814,-0.08333604525733232
17815,0.3842039067022694
17816,0.4585098487088471
17817,0.2632831604540108
17818,21.001743620020196
17819,1.910643555644463
17820,0.4573675596498499
17821,1.058980361739831
17822,6720.358103386636
17823,0.414192631447567
17824,0.6459998204115761
17825,110.9557959863248
17826,4.912726179895527
17827,543.4119902459114
17828,0.045047547548938
17829,0.009292278461036384
17830,3.2308982788326874
17831,6588.69639401102
17832,0.39802484209951594
17833,0.5641007789509196
17834,1.5394230070774049
17835,0.6408160190211785
17836,71.27398067103455
17837,0.006005379129281257
17838,176.74358974358975
17839,0.2665815833236648
17840,6.114239175192064
17841,117.52337858220211
17842,508893.2171945701
17843,56202806.25490196
17844,4649.815640942917
17845,0.0118941401244411
17846,191.99245852187028
17847,0.28958138540251926
17848,0.5365726230299268
17849,64.40123332395447
17850,0.007208208001140719
17851,4.634585839564466
17852,0.023079333031642706
17853,507015.83155318047
17854,-20.91753122506622
17855,20.268084035187567
17856,2588209015.828392
17857,3.8771667176340947
17858,18.9468273688247
17859,7.892540387082852
17860,152.370527329611
17861,13.566557341896306
17862,-0.47596968666652156
17863,-0.3581424332230913
17864,-133.51805695837353
17865,285.88858428798454
17866,8.10358943652341
17867,300.1611880492995
17868,-0.15184693282867157
17869,19.547226811601792
17870,2588209015.828392
17871,0.0915099978081663
17872,382.09407602420396
17873,754.6179946295825
17874,27.360506139414177
17875,14330.310711288275
17876,-109.5943003511148
17877,41.98279972233962
17878,17.90029332353683
17879,0.39972195340158456
17880,2.8840882729099135
17881,3.0664482323474838
17882,9.11318028480773
17883,2.8840882729099135
17884,0.011089294199623706
17885,7.44066873013933
17886,0.4087145136370044
17887,0.33118329699678506
17888,0.4087145136370044
17889,0.33118329699678506
17890,0.9949113113937966
17891,0.954824807354283
17892,-0.07525734326474888
17893,0.5772910812621611
17894,0.3259564010818221
17895,0.030302844971720196
17896,54.72101227882838
17897,4.595631522544474
17898,14.970773261469134
17899,41.982799722339664
17900,2152.460735558076
17901,0.08670292661221635
17902,16.65286854626556
17903,767.4225963406188
17904,1.5967749070544162
17905,1220.2881180274237
17906,0.002417671822899319
17907,0.0015899510231374057
17908,4.5825786279704435
17909,19277.411719696833
17910,0.7720539263478613
17911,0.8635456860471653
17912,0.2324865476005076
17913,0.8989323877754912
17914,690.698523163276
17915,0.001448020937473373
17916,249.37553731926533
17917,0.04872519291114993
17918,39.872913619204205
17919,789.9884720593982
17920,4924.450762016412
17921,3715380.655138726
17922,6.555600492294893
17923,0.002221996659971516
17924,1586.1668620554904
17925,0.30991927746297193
17926,0.5741073149555121
17927,460.3966309102274
17928,0.0015128607650397661
17929,7.088035955357832
17930,0.17815991923973962
17931,4892.945725619423
17932,-11.436961819225129
17933,10.958552824495024
17934,2587254358.6432457
17935,2.9532283560449333
17936,6.831103940103006
17937,16.4852589090534
17938,124.63369577574836
17939,7.221308618453149
17940,-0.16157879344549497
17941,-0.2565341646619892
17942,-114.0156461887026
17943,238.64934196445097
17944,3.289824630682182
17945,300.10582593181215
17946,0.423842394870957
17947,12.666014628758377
17948,2587254358.6432457
17949,0.20305353301425166
17950,160.42792657592122
17951,555.1857500044684
17952,23.448087330991434
17953,8908.118511943838
17954,43.65770599036093
17955,23.507761880337455
17956,2.0160819916769483
17957,0.8418261339261054
17958,0.8246743664743813
17959,1.7627404599366923
17960,1.3199553654783727
17961,0.8246743664743815
17962,0.08603318732459861
17963,5.007161856777646
17964,0.7052382585372541
17965,0.6826080423456036
17966,0.7052382585372541
17967,0.6826080423456036
17968,0.9991333933343243
17969,0.9836297383848764
17970,-0.3037011340043175
17971,0.90818665801368
17972,0.38016355178347383
17973,0.20160644186788085
17974,46.896174661982826
17975,3.8203354239624567
17976,6.380960968003605
17977,23.50776188033747
17978,3403.4280746190434
17979,0.1619112631928063
17980,8.503141453045988
17981,559.412936572839
17982,3.1056989129840886
17983,1718.1044733390927
17984,0.005903905367966095
17985,0.002030354870469991
17986,4.303784889117463
17987,13052.574378364468
17988,0.6113032318486153
17989,0.7239155873193535
17990,1.0254136522863802
17991,0.8048911412991905
17992,451.5817855646879
17993,0.001668718372844537
17994,175.45540246555476
17995,0.06361689719563261
17996,33.26522724320732
17997,585.4641044234953
17998,48919.35641769398
17999,26901357.569978245
18000,89.1310066340081
18001,0.0028706253217110583
18002,765.6120377084844
18003,0.27759682295449034
18004,0.5425793118340136
18005,321.3393342877864
18006,0.0018250165414850094
18007,6.9486330994224845
18008,0.09600724057506875
18009,48810.86583916208
18010,724.9876452540707
18011,1246.0403911737058
18012,44969904921.90231
18013,7.220411720379639
18014,208.7311098258922
18015,4.208534263452038
18016,1876.47713143588
18017,155.80829695633088
18018,933.562100526626
18019,887.463853979341
18020,390.42681002734963
18021,1486.0503214085304
18022,94.5848399198696
18023,1251.1686314540812
18024,1.0560204007916605
18025,209.15900286389072
18026,44969904921.90231
18027,0.008920803985379637
18028,43747.48847901705
18029,14013.38622458597
18030,111.25999958423975
18031,187333143.4007439
18032,597752.6064681654
18033,6761.7869254150755
18034,223.99698096273858
18035,0.9359276402855572
18036,10.543037694159443
18037,4.856769121152478
18038,109.61030894098397
18039,10.543037694159558
18040,0.00029856943119257816
18041,12.561005470069393
18042,0.198544571370732
18043,0.11869579914539448
18044,0.198544571370732
18045,0.11869579914539448
18046,0.9975133353105844
18047,0.9669070695159605
18048,-0.2570955638718331
18049,0.9867088365155969
18050,0.12421833162820167
18051,0.0013558510233047973
18052,222.51999916847961
18053,8.176807641654387
18054,1746.4459765944462
18055,6761.78692541506
18056,243.9913803188812
18057,0.00879323440747383
18058,1763.654744076363
18059,13729.422993420914
18060,1.1124409897460352
18061,15093.253885665948
18062,0.00020694776068500467
18063,0.00019208630066719741
18064,7.440464368393835
18065,25985.11729783797
18066,0.9363879449142203
18067,0.9658616525327274
18068,0.040204796740801435
18069,0.9750285217427842
18070,13422.184010949482
18071,0.00018875240473752603
18072,138.4544766026508
18073,0.007490098815399015
18074,1929.436264044954
18075,14365.673681363267
18076,4.786962401947525
18077,59273.335082499325
18078,0.0006962426126972062
18079,0.00021959749930985386
18080,10564.175223153909
18081,0.5714998768273686
18082,0.7843290357343626
18083,11542.806161060958
18084,0.00018646766876510317
18085,8.626657163499308
18086,0.643471298778153
18087,2.371826138337169
18088,4.0
18089,28727.0
18090,28727.0
18091,10092.596042013218
18092,0.3513278811575597
18093,0.4494431336141791
18094,2.224975586919172
18095,72.2841614740048
18096,59.22837157984339
18097,65.92419889539804
18098,65.43699259593154
18099,63.32228663446015
18100,39.33698319518109
18101,34.18693828791029
18102,0.6212186148971728
18103,0.539887930536382
18104,344.879734285581
18105,539.6666428860777
18106,16280740464.317148
18107,5.978948858726825
18108,95.91779590175969
18109,5.305987303098565
18110,763.9667194563468
18111,61.855742523826486
18112,448.2647921504101
18113,458.50543096920404
18114,-24.03486533657198
18115,788.0015847929188
18116,40.355950551379316
18117,752.8213711494257
18118,-0.9805138634983317
18119,82.70319030971457
18120,16280740464.317148
18121,0.020001132300180573
18122,6839.817687404866
18123,9332.1419040403
18124,95.6774389177362
18125,3885720.631126501
18126,-23373.726625070525
18127,846.4638763011436
18128,134.63281452681446
18129,0.7248691280707565
18130,8.349163892785427
18131,4.521714448685387
18132,63.61025663948155
18133,8.349163892785441
18134,0.0007224061885460604
18135,11.095359382789715
18136,0.21598453225107825
18137,0.13023546956308518
18138,0.21598453225107825
18139,0.13023546956308518
18140,0.9947963394501713
18141,0.9518330316533574
18142,-0.12463938496258871
18143,0.870386472150174
18144,0.13410462904363193
18145,0.0024805140421458524
18146,191.35487783547273
18147,6.810557288801626
18148,245.2741727069897
18149,846.463876301146
18150,544.7837499070092
18151,0.019786930836448637
18152,278.0082786387532
18153,9310.039759744084
18154,1.1387690054529058
18155,10658.875117799911
18156,0.00019427430555566812
18157,0.000178577035630302
18158,6.241400252515792
18159,25407.121350954232
18160,0.9225585735677876
18161,0.958393470629346
18162,0.04936099727088813
18163,0.9693453396668643
18164,9012.550795201922
18165,0.00017509731374867226
18166,285.4149412761836
18167,0.01727902538298726
18168,340.5484592891879
18169,9073.144327400412
18170,6.261714493280058
18171,60685.189490253055
18172,0.0007979591925360467
18173,0.00022100145964855744
18174,8322.780118658433
18175,0.5038612494647314
18176,0.7379634017611804
18177,6583.908556520169
18178,0.0001891675052927467
18179,7.6835825714586194
18180,0.5749991297385735
18181,3.2371306686958974
18182,-51.58639831542968
18183,28.59936866760254
18184,2452908013.8358335
18185,4.771527688221231
18186,38.42473030090332
18187,4.936529914586615
18188,163.48886108398438
18189,25.563079214846876
18190,-9.830712399486421
18191,-7.453738212585449
18192,-200.19674682617188
18193,363.68560791015625
18194,16.285044315869627
18195,292.21028231558506
18196,-0.40852756896830655
18197,34.47656630762931
18198,2452908013.8358335
18199,0.04682285423720386
18200,1188.6336243643607
18201,1595.831658419719
18202,39.58696103181417
18203,110941.84250084864
18204,-849.5197724150448
18205,149.34827035437252
18206,34.53693933817689
18207,0.6236202799711059
18208,4.233845775388154
18209,3.584943873897235
18210,16.159403695068605
18211,4.2338457753881595
18212,0.00329585868841695
18213,9.020980426765556
18214,0.32265769047316495
18215,0.233246719321574
18216,0.32265769047316495
18217,0.233246719321574
18218,0.9939229738099364
18219,0.9482181207079051
18220,-0.10028486340387842
18221,0.7620178454931742
18222,0.24102238314443392
18223,0.009720702089997663
18224,79.17392206362837
18225,5.5916447113218215
18226,45.971302423137374
18227,149.34827035437274
18228,1209.9530569595174
18229,0.04581415093548735
18230,49.22954174485029
18231,1608.8947411309966
18232,1.2940931895820122
18233,2087.7031332480447
18234,0.0010034934846564422
18235,0.0008048825114309188
18236,5.22591519890077
18237,22617.837587629634
18238,0.8554870983154058
18239,0.9192129623431184
18240,0.10723665640500274
18241,0.9401616627562815
18242,1511.5929462584184
18243,0.0007640961851270573
18244,322.7415469146238
18245,0.03410202313130007
18246,76.45394106509448
18247,1601.7674344885884
18248,73.01722316145393
18249,122519.61200338123
18250,0.04517146351804654
18251,0.0009979579994201474
18252,3432.538672865596
18253,0.3626942807338964
18254,0.6246785353359817
18255,1009.905712973829
18256,0.0007006216048142138
18257,7.350027124018322
18258,0.3294461656281547
18259,63.80358642288364
18260,-117.56504516601562
18261,18.86374206542969
18262,2023243616.4751103
18263,5.412757014692221
18264,64.70109438896179
18265,3.501678495872626
18266,119.7701416015625
18267,41.97713623665689
18268,-40.217495586428846
18269,-32.07014465332031
18270,-305.3797607421875
18271,425.14990234375
18272,27.77120007393243
18273,265.3865765932004
18274,-0.5053765998526942
18275,54.250211395638765
18276,2023243616.4751103
18277,0.029332111244381218
18278,2943.085436471494
18279,3085.6816461539656
18280,54.5194941510873
18281,744568.5714216603
18282,-4997.803804533689
18283,465.05574761261454
18284,11.838840459762737
18285,0.9503829933690144
18286,2.488477449344372
18287,2.8717530925945773
18288,5.424618306512796
18289,2.488477449344376
18290,0.0032657420137594687
18291,9.043147663509375
18292,0.4260858493342465
18293,0.34911598160514196
18294,0.4260858493342465
18295,0.34911598160514196
18296,0.9984135339049527
18297,0.9725462223648809
18298,-0.3315057215460158
18299,0.9841600469266862
18300,0.3407028121880857
18301,0.010543793405880113
18302,109.03898830217462
18303,6.396571476928548
18304,119.22364701809416
18305,465.0557476126147
18306,721.5496355756503
18307,0.028551904712202092
18308,120.43804015529584
18309,3064.894085234564
18310,1.5337572330531526
18311,4797.927011265828
18312,0.0006593524573960905
18313,0.00046545227262502253
18314,6.007416862584937
18315,20559.07408995594
18316,0.8123194253018617
18317,0.8792853680938051
18318,0.23296609892840048
18319,0.9191801552977069
18320,2807.907527692886
18321,0.0004342182068249458
18322,137.2919125303714
18323,0.023827128172574003
18324,141.90324815762247
18325,2911.4354390836515
18326,746.6968066643526
18327,2558849.255466852
18328,0.2251899337071144
18329,0.0006754295116208268
18330,1848.855258590767
18331,0.32087040239339937
18332,0.5853291070269931
18333,1720.9287296299437
18334,0.0004587020468229594
18335,7.9154548696750835
18336,0.2005778535872176
18337,721.8406463742089
18338,-133.35009765625
18339,-5.116413307189918
18340,1660638149.13549
18341,5.374945756400099
18342,59.14772987365723
18343,3.948210720627213
18344,79.55335998535156
18345,39.530738558182996
18346,-65.42400898395232
18347,-62.00525665283203
18348,-273.17108154296875
18349,352.7244415283203
18350,25.03277187734635
18351,240.43205481973425
18352,-0.5694991059358935
18353,52.74160998375766
18354,1660638149.13549
18355,0.03031318278843283
18356,2781.677423678806
18357,1911.7859355834412
18358,42.456628277527884
18359,777320.516347151
18360,-5189.374484081348
18361,443.75577790502524
18362,6.880174243269208
18363,0.9694767584693952
18364,1.9398627267994266
18365,2.549255670750501
18366,3.0092159710049096
18367,1.9398627267994257
18368,0.003992269058885331
18369,8.662606032539696
18370,0.4723489351796864
18371,0.40425912946557035
18372,0.4723489351796864
18373,0.40425912946557035
18374,0.9986434237382986
18375,0.9739557191659431
18376,-0.390210677698774
18377,0.9915281103972597
18378,0.3898336090044992
18379,0.011001848671684486
18380,84.91325655505567
18381,6.364442382799157
18382,112.6589880370735
18383,443.755777905025
18384,729.1457845526179
18385,0.029567719439797024
18386,114.23506518972114
18387,1900.0646088315816
18388,1.7025624891511748
18389,3301.9973537457086
18390,0.002079182784565668
18391,0.0012873940918372703
18392,6.029178456215577
18393,19718.615447500004
18394,0.798387779234895
18395,0.8581527429301292
18396,0.3363712931368847
18397,0.9116995541376584
18398,1728.510397181599
18399,0.0011419754149581797
18400,89.82346461030019
18401,0.024737941231148496
18402,133.81369667082035
18403,1726.990911594602
18404,2149.9804461580834
18405,4401087.52079317
18406,1.1677394251811162
18407,0.001417117059390615
18408,936.6166345359405
18409,0.2579500508223466
18410,0.5193039801437755
18411,915.6640571765676
18412,0.00046966808517263963
18413,8.06361627125243
18414,0.1263967695895847
18415,2087.3871170110865
18416,-4.307456229666834
18417,4.348386615020462
18418,2586262658.7048116
18419,1.8020900511315612
18420,3.5785817945339287
18421,78.83068081322605
18422,117.36458999580213
18423,2.8115793947737004
18424,0.01581017516757372
18425,0.00389583594932863
18426,-147.87400303271153
18427,265.23859302851366
18428,1.5676006473451929
18429,300.04830482789026
18430,-0.150268999447921
18431,4.415753053375673
18432,2586262658.7048116
18433,0.3607012265390082
18434,19.498875028396583
18435,930.282051622449
18436,30.501865109607238
18437,67.95366326707381
18438,0.12164470058882276
18439,1.5379179132736043
18440,1.8648161900913294
18441,-0.09623854985372113
18442,0.909128385448646
18443,1.720582260893682
18444,1.0330424065111037
18445,0.9091283854486463
18446,0.14193782711738406
18447,3.541494785287564
18448,0.6457411833022253
18449,0.623079007347747
18450,0.6457411833022253
18451,0.623079007347747
18452,0.9993690435190277
18453,0.9837629645573873
18454,-0.035011689695713846
18455,0.3398137818142116
18456,0.5058709641780844
18457,0.2054570323170065
18458,61.00373021921447
18459,2.2225719738112213
18460,0.8506835258412329
18461,1.5379179132736045
18462,6206.3098850353235
18463,0.3165765144712594
18464,1.1661109197671489
18465,931.5456745481345
18466,2.9485364101442313
18467,2745.2591356724292
18468,0.0032258124026034378
18469,0.0011297847037189056
18470,3.2309297460725848
18471,10434.216053943777
18472,0.5299720811247889
18473,0.6816878251765289
18474,0.7698200483757008
18475,0.7534287510721006
18476,702.039879489729
18477,0.0008645044374603528
18478,573.59942599426
18479,0.23517811643881095
18480,5.657817537584969
18481,936.620746207462
18482,108926.16195161952
18483,101363143.83353834
18484,117.17989372947893
18485,0.0015008835834512296
18486,1091.9257892578926
18487,0.44769405053624134
18488,0.6950608462628288
18489,652.263966380044
18490,0.001169747571740807
18491,4.116017574798587
18492,0.08490270477251366
18493,108787.43624419434
18494,-30.3650536408038
18495,30.572192821041455
18496,2604336368.147479
18497,4.366903945731021
18498,29.926397635485465
18499,4.347368049443591
18500,141.69778419576164
18501,19.25857338035934
18502,0.018064379903224816
18503,0.044054963451605034
18504,-160.37204561265972
18505,302.06982980842133
18506,12.6127684432547
18507,301.0949008478606
18508,-0.010947792262728092
18509,25.44209822949364
18510,2604336368.147479
18511,0.06033230222021731
18512,647.3003623192035
18513,1119.661247963431
18514,33.498665314287074
18515,9464.184431137184
18516,4.139195247769139
18517,47.45541343762184
18518,57.452955851281416
18519,-0.09532739352363445
18520,5.735853056452076
18521,3.99960217655852
18522,24.45399179752313
18523,5.735853056452081
18524,0.003822383553013702
18525,8.696840772374058
18526,0.2623792759398559
18527,0.17112788187597433
18528,0.2623792759398559
18529,0.17112788187597433
18530,0.9859039218395971
18531,0.9197953474658713
18532,-0.01338862199876703
18533,0.3299497630397552
18534,0.17897182088095842
18535,0.01020250784884781
18536,66.99733062857415
18537,4.801486237383349
18538,26.227092322225854
18539,47.45541343762186
18540,1581.7831640653508
18541,0.05880923496349412
18542,26.92150515892297
18543,1149.5416043067894
18544,1.2306847852996425
18545,1411.437144739934
18546,0.0012289287789613796
18547,0.0010166624551153037
18548,4.741517732582397
18549,23861.227335292937
18550,0.8855247611747072
18551,0.9362674085756898
18552,0.08483714098738995
18553,0.9531398603053944
18554,1096.3523535504885
18555,0.0009734221744979001
18556,519.3839906221217
18557,0.043488569925657014
18558,43.00592376012188
18559,1165.2867788662816
18560,58.82098300259566
18561,67324.75969186971
18562,0.0521613544782635
18563,0.001128342231578757
18564,5164.267520723436
18565,0.4324095721948787
18566,0.6838235743537672
18567,801.3033209902998
18568,0.0008251370999434372
18569,6.594601293593861
18570,0.41574128868312044
18571,53.03531266664665
18572,-7.927693083074358
18573,8.199252613081827
18574,2588508403.087271
18575,2.542131691659164
18576,5.685383781814624
18577,10.324665686110574
18578,74.45309310586649
18579,5.135151693979032
18580,0.06750703298702455
18581,0.0028021880392167173
18582,-63.67570312223386
18583,138.12879622810036
18584,2.6157626952964055
18585,300.1785478985579
18586,0.18219698578824367
18587,8.16405790615909
18588,2588508403.087271
18589,0.24518511620507188
18590,66.65184149511876
18591,182.41779209068744
18592,13.507852976566323
18593,327.13888887218366
18594,1.7898087068626025
18595,5.44691021639188
18596,5.624113287900777
18597,-0.015996540580596352
18598,1.4732974759162336
18599,2.2784584445886042
18600,3.316525477418355
18601,1.4732974759162338
18602,0.07955333798489313
18603,4.865393869208004
18604,0.574372369831468
18605,0.5333511006448537
18606,0.574372369831468
18607,0.5333511006448537
18608,0.9932968759679267
18609,0.9532843977815626
18610,-0.09096433327591938
18611,0.5764513668488048
18612,0.43814302600115673
18613,0.15521677401194972
18614,27.01570595313264
18615,2.9885926547816557
18616,2.767755876073166
18617,5.446910216391886
18618,4647.856133698589
18619,0.2089852466068564
18620,3.416590460573034
18621,186.12255312471495
18622,2.1966359261768496
18623,404.8811338128693
18624,0.012638245727785121
18625,0.006007980680461581
18626,3.653162042663544
18627,14514.575515046066
18628,0.6489835689956936
18629,0.7728135685806167
18630,0.4856244809959848
18631,0.8313826339974213
18632,155.2774762056709
18633,0.005070453151273099
18634,489.2379286214136
18635,0.11412128029424157
18636,11.916124221904568
18637,196.24725915558665
18638,38914.34313039421
18639,7099457.411476557
18640,214.48309161154873
18641,0.007603322526365685
18642,1735.9862374620948
18643,0.4049419728159773
18644,0.6600541246883528
18645,131.10216957113204
18646,0.005520787393728392
18647,5.309254489964144
18648,0.14923242942179832
18649,38869.44031399087
18650,-74.06159240356925
18651,63.18814098528452
18652,2612825880.014222
18653,5.556494809588864
18654,65.93013972604172
18655,7.5634242924164194
18656,383.2539605397731
18657,43.903651214093884
18658,-4.547727109193485
18659,-3.1405190182737943
18660,-642.587533158714
18661,1025.841493698487
18662,27.807195413204827
18663,301.5852501447835
18664,-0.5437198323769729
18665,60.511300998640195
18666,2612825880.014222
18667,0.027241503791920526
18668,3661.617548548034
18669,16587.105971587436
18670,128.73345744856982
18671,803813.0686520392
18672,-3106.2430168481465
18673,316.39193156137276
18674,257.18786022742023
18675,0.09900034080890978
18676,11.387222867329793
18677,4.9038980591401735
18678,118.53521871353772
18679,11.387222867329829
18680,0.0009257248231040746
18681,10.789856753311383
18682,0.18144472819703975
18683,0.10275653045101851
18684,0.18144472819703975
18685,0.10275653045101851
18686,0.9941672824199461
18687,0.9499331785377791
18688,-0.05749349486153563
18689,0.6348194810997307
18690,0.10751311648436329
18691,0.0026664218081214512
18692,257.4669148971393
18693,6.074115360642439
18694,143.39494794719732
18695,316.3919315613724
18696,745.2248024465705
18697,0.02689170302689592
18698,149.46593119387387
18699,16681.515666724965
18700,1.1177918573799743
18701,18646.95122997154
18702,0.00010614418346615562
18703,9.896373302101141e-05
18704,5.786892033425236
18705,25896.094136413878
18706,0.9338408833409464
18707,0.9646352533531837
18708,0.0416893976909621
18709,0.9738269159719415
18710,16244.78635780296
18711,9.736705237523489e-05
18712,412.9738059410355
18713,0.02301587281619771
18714,189.63418944835342
18715,16674.259265451707
18716,4.7220085827342135
18717,78779.90536699549
18718,0.00034547706935142403
18719,0.00011957395323396559
18720,9580.27871593379
18721,0.5339284799606415
18722,0.7591761911235314
18723,12652.410557759871
18724,0.00010477003405048705
18725,7.1406997222445225
18726,0.6246040310509277
18727,2.158761719852809
18728,-6.653682622879964
18729,6.704326208979307
18730,2587744515.3779387
18731,2.332283129116759
18732,5.50507160998995
18733,40.1241545405808
18734,169.25712839461187
18735,4.421746005430265
18736,0.05252561456235717
18737,0.0017598130381761279
18738,-80.22028567460455
18739,249.47741406921642
18740,2.416358217448367
18741,300.1342521908845
18742,1.5361137830943379
18743,7.00365693790539
18744,2587744515.3779387
18745,0.2705221388854012
18746,49.05121050387031
18747,306.5753855313078
18748,17.50646700096595
18749,377.8893647705056
18750,7.128937855372152
18751,4.094269518743601
18752,3.6982763685504847
18753,0.04825186705582957
18754,1.2154643065568582
18755,2.052070009942036
18756,2.151051227029228
18757,1.2154643065568582
18758,0.09068766802947881
18759,4.476556800969494
18760,0.6002793003672142
18761,0.5647426764986883
18762,0.6002793003672142
18763,0.5647426764986883
18764,0.9986206117849803
18765,0.9774444377735291
18766,-0.07283572067913463
18767,0.49804176371630265
18768,0.46315317066092476
18769,0.1651788359200357
18770,35.01293400193191
18771,2.8150943255785887
18772,1.948136471823521
18773,4.094269518743602
18774,4995.08037970252
18775,0.23287619303315116
18776,2.5809903226755853
18777,309.28610848072213
18778,2.4064908333754134
18779,740.7725138196137
18780,0.008021377656056667
18781,0.0034072276225615133
18782,3.5408716102980238
18783,13216.196734143803
18784,0.6122023002973646
18785,0.7455837579762807
18786,0.5691973903327707
18787,0.8088124535122444
18788,250.6423558529421
18789,0.0027788173745238198
18790,432.58605798889573
18791,0.13343185008911035
18792,10.71942105104921
18793,322.06446637877855
18794,58349.02683528686
18795,17895134.138494756
18796,190.8808003310244
18797,0.003968018968741464
18798,1220.8309685379395
18799,0.3765672327384144
18800,0.6363690796248728
18801,208.5509520113747
18802,0.0027138615550663966
18803,5.247011203125045
18804,0.11285550179273854
18805,58270.511493103506
18806,-54.02060698744083
18807,50.18377574202681
18808,2603796596.4505315
18809,5.158133940713439
18810,50.25409297844271
18811,5.079768143143103
18812,276.42028647536716
18813,33.239397340676064
18814,-2.2962719451937175
18815,-1.8977962110393496
18816,-294.8621458073211
18817,571.2824322826882
18818,21.269253752838527
18819,301.0636969431942
18820,-0.17339726231331656
18821,44.85353853792845
18822,2603796596.4505315
18823,0.03559227639436502
18824,2011.8399193734326
18825,3502.0726257526953
18826,59.0720505408016
18827,187756.96334791364
18828,-516.615205052068
18829,181.7629099128949
18830,131.5043805920227
18831,0.15721107767517103
18832,8.424237989174179
18833,4.502579368343888
18834,57.52741899973486
18835,8.424237989174202
18836,0.0015033887194018524
18837,10.074713714497388
18838,0.21295132419263904
18839,0.12777726205278944
18840,0.21295132419263904
18841,0.12777726205278944
18842,0.9905321104596785
18843,0.9351016507108096
18844,-0.041009141543048876
18845,0.5372055997801691
18846,0.1340191700879566
18847,0.004270621845083682
18848,118.14410108160298
18849,5.710783920319986
18850,78.31682262622934
18851,181.76290991289488
18852,961.4550205012473
18853,0.03503519299683728
18854,82.39698899365035
18855,3568.4257347247994
18856,1.1513518209141846
18857,4102.763683020465
18858,0.0004000857487742479
18859,0.00035492146621360837
18860,5.439382260786489
18861,25175.70212197354
18862,0.9166531546063091
18863,0.9552524963114302
18864,0.05361625256723293
18865,0.9667320804715681
18866,3451.0877318999605
18867,0.0003449511229467643
18868,458.1826504198497
18869,0.028927498605963112
18870,108.95170090636886
18871,3591.82934528695
18872,7.930109224067176
18873,28037.671128227794
18874,0.0024227801713501136
18875,0.0003949301454118068
18876,7651.455458046594
18877,0.4830769277130244
18878,0.722705642186502
18879,2606.403098778874
18880,0.0003095544551523324
18881,6.991748516797507
18882,0.55136282939395
18883,4.640646031916566
18884,-23.446771328157133
18885,13.127875149496997
18886,2535654208.2565207
18887,3.597381171015681
18888,12.17134150218936
18889,10.705881019097836
18890,133.3460103312043
18891,11.987456148182247
18892,-3.53394678741979
18893,-1.213729817083518
18894,-151.30989776552374
18895,284.655908096728
18896,5.759402698273069
18897,297.0981015402511
18898,-1.1660332609294886
18899,19.36907925991604
18900,2535654208.2565207
18901,0.13307258567762364
18902,375.16123137690977
18903,960.0305390522421
18904,30.806799385811587
18905,28268.565506850962
18906,-464.13142295367544
18907,51.081494449629034
18908,7.195271104175534
18909,0.7527174215811827
18910,1.6413209543835126
18911,2.4698992743367887
18912,4.44784497132276
18913,1.641320954383513
18914,0.036395382733002794
18915,6.448797719333315
18916,0.5650787954207409
18917,0.5186602543351431
18918,0.5650787954207409
18919,0.5186602543351431
18920,0.997910602002913
18921,0.9736054710702796
18922,-0.19830876671318043
18923,0.8631820799952019
18924,0.39224276659728496
18925,0.11476985660633088
18926,61.61359877162319
18927,4.451599155376447
18928,14.569191388451145
18929,51.08149444962905
18930,2744.997327806193
18931,0.11402043590209349
18932,17.429405498500373
18933,959.7607202983941
18934,1.8520863904755271
18935,1796.087982141792
18936,0.002184302912637019
18937,0.0013003262527157982
18938,4.475619242650461
18939,17912.578595377552
18940,0.7405171583127481
18941,0.8331909674897109
18942,0.37058892861034387
18943,0.8816974216977453
18944,843.8938253804782
18945,0.001176017896374734
18946,277.94056569996417
18947,0.04975663546365274
18948,47.155289924212106
18949,920.2593984962406
18950,13595.953276047261
18951,13436054.169530971
18952,13.774682122577373
18953,0.002006219762837017
18954,2063.3866809881847
18955,0.36938537074618416
18956,0.6296955251638061
18957,573.9798914366994
18958,0.001511740386713054
18959,6.73890531098133
18960,0.1944512131444286
18961,13569.506137761411
18962,994.092796353804
18963,1506.325185514841
18964,71888428892.81015
18965,7.374100772132372
18966,247.8223800326457
18967,5.526240119846187
18968,2090.76190569295
18969,163.2569737668055
18970,1266.6387204402558
18971,1294.7584298077027
18972,-16.49674750053538
18973,2107.2586531934858
18974,105.12569486656007
18975,1581.9194249953357
18976,-1.0876632057685376
18977,219.34490373585302
18978,71888428892.81015
18979,0.0075248497641346454
18980,48112.18679489063
18981,68664.2640129391
18982,259.3348284092374
18983,215952561.87620506
18984,-499797.1071395074
18985,6234.4055656510645
18986,595.936100779841
18987,0.8248529467297985
18988,17.002323943854737
18989,5.5172836730197465
18990,299.05314471786056
18991,17.002323943854837
18992,0.00015027019750635332
18993,13.204153035274906
18994,0.13972445980149864
18995,0.0711163810998768
18996,0.13972445980149864
18997,0.0711163810998768
18998,0.996750635795314
18999,0.9627554945130942
19000,-0.19268308879328608
19001,0.9674860931976546
19002,0.07429467607488852
19003,0.0006386729732494555
19004,518.6696568184731
19005,8.226720501146872
19006,1707.5854166077227
19007,6234.405565651026
19008,211.02038936891736
19009,0.007497727786707672
19010,1938.1466113511694
19011,68331.92474297118
19012,1.0637573999549732
19013,72900.15801206142
19014,5.527210340103313e-05
19015,5.426780867812145e-05
19016,7.515454946866642
19017,27043.295050771223
19018,0.9608147607164911
19019,0.9797242476255241
19020,0.02183282472800035
19021,0.9849014659924958
19022,67250.97400162717
19023,5.402908878513079e-05
19024,157.47597816196543
19025,0.007164512200271402
19026,2112.6618845737007
19027,67438.48671519563
19028,2.3116924476797087
19029,161692.2643312102
19030,8.533729878601356e-05
19031,6.50246629656352e-05
19032,14537.41992720655
19033,0.6613930813105802
19034,0.8402612818463553
19035,56068.74975756091
19036,6.239991908463932e-05
19037,8.396937901393768
19038,0.7651338462074007
19039,0.603545722763932
19040,4.0
19041,80990.0
19042,80990.0
19043,31941.11212032724
19044,0.39438340684439116
19045,0.2834142551274086
19046,3.528404030172904
19047,107.09341716464182
19048,97.16480844420988
19049,83.93449827097318
19050,106.6770828247567
19051,76.64560321096788
19052,62.65607990444285
19053,39.83258705465425
19054,0.8174778105924914
19055,0.519698265600632
19056,180.2557123219423
19057,262.57320712808286
19058,22015254499.489666
19059,4.7281814370475335
19060,42.97993091648044
19061,3.807112458367077
19062,343.43375512349525
19063,25.60010708090524
19064,220.36106505411726
19065,219.59327621160236
19066,-21.531420963906665
19067,364.9651760874019
19068,17.974358396299074
19069,521.3701413516073
19070,-0.018938922751527382
19071,32.42200284898681
19072,22015254499.489666
19073,0.04444189291606992
19074,1051.1862687397086
19075,2475.523462690923
19076,49.42405401313195
19077,72579.1928200543
19078,151.0058417730083
19079,141.61131195113256
19080,10.469451507900851
19081,0.8619446502314958
19082,2.4559276202026386
19083,2.841032268961511
19084,4.345134045882996
19085,2.4559276202026346
19086,0.004653415065019767
19087,8.285662250222229
19088,0.4142723746829998
19089,0.33314572346324783
19090,0.4142723746829998
19091,0.33314572346324783
19092,0.9981039793781241
19093,0.9685849608643311
19094,-0.22065201573123636
19095,0.9294636457417957
19096,0.3363499318480935
19097,0.010177322126585758
19098,98.8481080262639
19099,5.606015600534689
19100,38.02019086475836
19101,141.61131195113248
19102,3143.96147963541
19103,0.043730547833182316
19104,43.333920399537035
19105,2504.7212242023274
19106,1.420008969755092
19107,3536.428839402722
19108,0.0006301655345443319
19109,0.00044989070259451744
19110,5.31381592664189
19111,57643.969409286976
19112,0.8012543280483087
19113,0.8876670434146663
19114,0.14929854485776642
19115,0.9151214645948392
19116,2295.8481595934754
19117,0.0004134638694256956
19118,541.8027262400606
19119,0.034191766139092555
19120,70.17839299177848
19121,2580.0201943708194
19122,2054.04770920106
19123,4792131.123501199
19124,0.8960646841955953
19125,0.0005293574520100681
19126,5456.063486053263
19127,0.3443180289065545
19128,0.6086176442351017
19129,1559.493555884945
19130,0.00036357791688388025
19131,7.445059194341527
19132,0.19565378441782935
19133,2027.924682474471
19134,-12.97512788772583
19135,11.123369693756105
19136,7247757478.120012
19137,3.092792741906172
19138,11.911914110183716
19139,12.691082203029088
19140,51.465179443359375
19141,8.156246575256063
19142,-1.090216142964193
19143,0.021257221698760986
19144,-116.51593780517578
19145,167.98111724853516
19146,4.9936745569529135
19147,299.1480159970931
19148,-1.9629809336601662
19149,11.936355789653204
19150,7247757478.120012
19151,0.15109873904090418
19152,142.47658953718755
19153,598.9754590208372
19154,24.391680154248636
19155,4890.95953479968
19156,-171.98082702011249
19157,18.910572682833774
19158,2.8260755268535944
19159,0.7388161198077384
19160,1.1803774494745345
19161,1.9943369890086258
19162,1.4068984700313574
19163,1.1803774494745332
19164,0.034951744419306346
19165,5.575227955363744
19166,0.5855902926161158
19167,0.5461516502399872
19168,0.5855902926161158
19169,0.5461516502399872
19170,0.9977321992093304
19171,0.9683684462887878
19172,-0.17237161455522423
19173,0.7932098403813013
19174,0.4758434492794699
19175,0.0767939714425171
19176,48.78336030849728
19177,3.921508691364779
19178,5.434162052421839
19179,18.91057268283377
19180,8798.644752085256
19181,0.14156617549977157
19182,6.618250542329363
19183,591.4695112546336
19184,2.1798663489612444
19185,1309.5058817007628
19186,0.0038417172164631006
19187,0.0018605590175190985
19188,4.182789537737222
19189,39714.12624698713
19190,0.6366246696760448
19191,0.7672571162631664
19192,0.4660391748462417
19193,0.8250677949916932
19194,485.17719099730004
19195,0.0015645685681022906
19196,374.6590822904816
19197,0.07103888553099764
19198,22.92647983123798
19199,513.9850208570346
19200,144707.07584376185
19201,87873616.57811907
19202,239.6056510749611
19203,0.00303874161015513
19204,1557.0022753128555
19205,0.29522227442412885
19206,0.5617811389095203
19207,280.2307531294688
19208,0.0019722176816909034
19209,6.777734020411579
19210,0.06511915051240894
19211,144471.2548055594
19212,-21.83071517944336
19213,16.92910385131836
19214,7173515196.78333
19215,3.7596651214509142
19216,17.585378170013428
19217,8.605862849792613
19218,75.9957504272461
19219,14.21346033528896
19220,-3.192276029480346
19221,0.30768221616744995
19222,-117.54637145996094
19223,193.54212188720703
19224,7.49517016214988
19225,297.6119132856388
19226,-2.010236815095632
19227,21.863803900016926
19228,7173515196.78333
19229,0.10048667281836587
19230,478.02592097839533
19231,593.5802797848722
19232,23.994628506689047
19233,48258.209819504904
19234,-1316.7034946759004
19235,72.93252753720085
19236,1.5847072154948938
19237,0.9573151478768412
19238,0.8280436580796462
19239,1.6674946241778068
19240,0.8798014337676474
19241,0.828043658079646
19242,0.03129090390452186
19243,5.8686680154805355
19244,0.6733945414674107
19245,0.6520498935384634
19246,0.6733945414674107
19247,0.6520498935384634
19248,0.9990169525134589
19249,0.9802245422041068
19250,-0.4220318105172586
19251,0.976242911652481
19252,0.46505321047093007
19253,0.07092992509671323
19254,47.98925701337811
19255,4.683512045129005
19256,18.62930868817394
19257,72.93252753720091
19258,4960.9509231057
19259,0.09166384872212056
19260,22.976681179075207
19261,574.0254760695872
19262,3.655520840338777
19263,2217.1479441651236
19264,0.008077683729290226
19265,0.0028749174989265384
19266,5.211817088977782
19267,30753.72539900356
19268,0.5640817578732851
19269,0.6661325709726749
19270,1.3317667011425103
19271,0.7777364403212078
19272,437.83334213584163
19273,0.0023666869756807773
19274,109.76536312849161
19275,0.03832589494709903
19276,51.141994799971165
19277,443.40048882681566
19278,170815.51466480448
19279,103738080.53351955
19280,285.4604605096984
19281,0.005352509357791757
19282,754.8351955307263
19283,0.26355977497581223
19284,0.5283662741610964
19285,235.97688908702125
19286,0.0025319761612220054
19287,7.522138315007283
19288,0.03536239041857019
19289,170015.8336774562
19290,-43.71015625
19291,17.692123794555663
19292,7067692495.240232
19293,4.066386449369824
19294,21.778369426727295
19295,6.10185067631309
19296,72.47579956054688
19297,19.0570983839329
19298,-5.893875974676293
19299,0.8832687735557556
19300,-118.79039001464844
19301,191.2661895751953
19302,9.962095508101955
19303,295.4085924844545
19304,-1.7099767161902182
19305,27.709643167089745
19306,7067692495.240232
19307,0.08376028856751264
19308,767.8243244474434
19309,578.0131148004507
19310,23.43199692763284
19311,89081.93882256089
19312,-2308.9960901142294
19313,116.93640024702329
19314,1.124498294660977
19315,0.9808803742447325
19316,0.6900754327314658
19317,1.5030401701373768
19318,0.6328201441943213
19319,0.6900754327314654
19320,0.032894999466435565
19321,5.905543090903791
19322,0.7111905427013016
19323,0.6958264829733429
19324,0.7111905427013016
19325,0.6958264829733429
19326,0.9992638811346429
19327,0.9830059409719234
19328,-0.5215003221404504
19329,0.99151605497172
19330,0.44480367466297877
19331,0.07521401564665044
19332,46.8639938552657
19333,4.955381845891541
19334,29.515224635421056
19335,116.93640024702333
19336,3492.430636467633
19337,0.06976264084189875
19338,37.084869169861896
19339,546.4243586651896
19340,4.813861643597916
19341,2945.0887520680826
19342,0.01731412434401051
19343,0.005072152398128781
19344,5.734150651794066
19345,26161.585813417132
19346,0.518163626795605
19347,0.6145013154520502
19348,2.0490182264333314
19349,0.745180409450789
19350,392.0471232016344
19351,0.00393007632752186
19352,64.87939698492463
19353,0.036225235614139935
19354,62.26005854192624
19355,402.76661083193744
19356,254449.5589056393
19357,159816199.68341708
19358,429.10433705519614
19359,0.008000748648942969
19360,330.5991066443328
19361,0.1845891159376509
19362,0.4375113011493324
19363,176.31314713475834
19364,0.0033965628144056897
19365,7.994716269158741
19366,0.022113841214964812
19367,252404.6610183494
19368,-4.873198699934743
19369,4.894820361440028
19370,7298310446.781374
19371,1.9825149587173025
19372,4.805774973239842
19373,112.74532861793043
19374,214.62404217357755
19375,4.055011168489274
19376,0.007157282600803474
19377,0.016347497829924763
19378,-192.33458143712815
19379,406.9586236107057
19380,2.0237487638349143
19381,300.1894789286122
19382,0.36799049632428626
19383,10.460823994529823
19384,7298310446.781374
19385,0.33844844332164853
19386,109.42883864453088
19387,1559.9648791495097
19388,39.50208903592297
19389,6613.784663738255
19390,-1.64849652722439
19391,6.922100710505678
19392,8.72276055147508
19393,-0.10683257996802126
19394,1.1703095989045507
19395,1.8620564460645257
19396,7.3443220798186415
19397,1.1703095989045478
19398,0.12469138286490603
19399,3.793615684478156
19400,0.6305624127863624
19401,0.605194387091153
19402,0.6305624127863624
19403,0.605194387091153
19404,0.9988679262905367
19405,0.9867236753277175
19406,-0.057748713085423564
19407,0.44739412509303916
19408,0.4992426014531646
19409,0.1802923202332258
19410,79.00417807184587
19411,2.396032367973789
19412,3.911215315495188
19413,6.922100710505683
19414,16546.65493710443
19415,0.29541104621888603
19416,6.263331231948052
19417,1566.7442290410472
19418,2.837774491316628
19419,4435.261226655043
19420,0.001873512619120917
19421,0.00069466870117677
19422,3.40583795373865
19423,30603.915539923615
19424,0.5463951973551727
19425,0.6915792073095446
19426,0.7450465247610434
19427,0.7663630966753195
19428,1202.0948596197122
19429,0.0005447149202472408
19430,971.1987222595831
19431,0.16328156056818813
19432,49.959647589125936
19433,1615.1277740416947
19434,357289.65635507734
19435,557647682.6876261
19436,229.06631097842842
19437,0.0011230059853925187
19438,3233.3402824478817
19439,0.5436012579771152
19440,0.7646006055330916
19441,1243.4635489513414
19442,0.0009593731620799124
19443,5.246886977674353
19444,0.07344116557599703
19445,357104.25159576215
19446,-7.806611228632733
19447,7.655777429224137
19448,7297311101.028191
19449,2.4993641136722413
19450,7.815254773741593
19451,70.89209440339567
19452,186.6952582913521
19453,5.414682604270191
19454,0.017755840630861924
19455,-0.04600552172618694
19456,-228.238880983758
19457,414.9341392751101
19458,3.2711068761838735
19459,300.16892599699884
19460,0.29525992589016004
19461,9.5252461670741
19462,7297311101.028191
19463,0.22737656535561954
19464,90.73031454335982
19465,2162.0549010913965
19466,46.50138135205448
19467,2615.7316318210915
19468,13.232980775934358
19469,5.961886857047134
19470,7.256311784777045
19471,-0.09306189273342158
19472,1.549588553150478
19473,2.2520899600978606
19474,4.844630533963613
19475,1.5495885531504734
19476,0.055644175721506914
19477,4.8654980938450825
19478,0.5321675169523299
19479,0.4799390879397351
19480,0.5321675169523299
19481,0.4799390879397351
19482,0.9990362123381276
19483,0.9824287667182041
19484,-0.029200501667135045
19485,0.36407304036963883
19486,0.4532880936559711
19487,0.10021238961779755
19488,93.00276270410889
19489,2.9139828055654133
19490,3.304549660456044
19491,5.961886857047126
19492,13122.990142792794
19493,0.20624977688933313
19494,4.514697501143377
19495,2167.3794870124743
19496,2.0380863335912873
19497,4411.503947845629
19498,0.0009628850766221579
19499,0.0004820272706855038
19500,3.52616482277719
19501,42218.65100899705
19502,0.6610854720465731
19503,0.7856924406621899
19504,0.4035603577881638
19505,0.8394151963542983
19506,1820.1456904213421
19507,0.000407636033089672
19508,925.9153814089204
19509,0.12865296393065448
19510,28.10833937665928
19511,2202.6581909128804
19512,183900.9256634709
19513,397257087.9936085
19514,85.20646989031722
19515,0.0006253652646503869
19516,3186.826872307906
19517,0.4427993431023907
19518,0.6910277725889459
19519,1531.1510820212018
19520,0.0004804508973168614
19521,5.40128737871086
19522,0.08886282257068774
19523,183774.28890289358
19524,-9.945078468593724
19525,9.864694217643518
19526,7301327989.712767
19527,2.842411747870777
19528,9.81699973084762
19529,63.57847942478653
19530,211.5184915880775
19531,6.823404548594579
19532,0.027563107653167423
19533,-0.0011824073015279657
19534,-251.72465608307525
19535,463.24314767115277
19536,4.118761984422934
19537,300.2515303468884
19538,0.03206289254770105
19539,11.594949388920591
19540,7301327989.712767
19541,0.18094348763231458
19542,134.44285133163
19543,2652.5487400414368
19544,51.504115814654774
19545,6634.16043350054
19546,6.418218852515644
19547,9.614946160444223
19548,10.11578537796709
19549,-0.028332533835706428
19550,1.8465038349114153
19551,2.4515903611889076
19552,6.5059732480385835
19553,1.846503834911406
19554,0.039094391516271684
19555,5.430765759980922
19556,0.5037655629765119
19557,0.4444773554592864
19558,0.5037655629765119
19559,0.4444773554592864
19560,0.9989310486300419
19561,0.9813320616307
19562,-0.07072514782254581
19563,0.519727806582626
19564,0.4144896783400658
19565,0.07901094159015967
19566,103.00823162930944
19567,3.262616494925587
19568,4.932682884602822
19569,9.614946160444223
19570,11131.300257898369
19571,0.16654276441699506
19572,6.375272486610759
19573,2659.4581679156868
19574,1.773068687680861
19575,4710.758605525816
19576,0.0006876851361660156
19577,0.0003958141100984247
19578,3.7111501835911627
19579,47910.78926512936
19580,0.7145973819516159
19581,0.8253383608612652
19582,0.2943281837197589
19583,0.8697839902931755
19584,2313.9322842853153
19585,0.00034663344420705693
19586,1061.1062487278648
19587,0.10798964469039944
19588,30.690863493751174
19589,2693.853755342968
19590,96800.90576022796
19591,256582913.17280683
19592,36.55432405270972
19593,0.0004980152358300056
19594,4265.35579075921
19595,0.4340887228535732
19596,0.6846172875709355
19597,1852.47410784766
19598,0.0003776301661642635
19599,5.625431072742926
19600,0.1213236202000247
19601,96732.96830451318
19602,-18.32841420421315
19603,17.58087957621495
19604,7295384638.181207
19605,3.6289427575080673
19606,18.193804494116577
19607,11.019991975004665
19608,234.11987475400136
19609,11.598649984837905
19610,-0.28554823798969625
19611,0.06904849323975759
19612,-176.74814656471688
19613,410.8680213187182
19614,7.606112877098324
19615,300.12930164457043
19616,-0.10815737283347811
19617,15.774825217896062
19618,7295384638.181207
19619,0.10051110835915728
19620,248.84511065516955
19621,1332.7600951307084
19622,36.492252314743894
19623,4051.168221506048
19624,-37.233746051492304
19625,20.793746779117555
19626,16.49172261736806
19627,0.1122517749839893
19628,2.909875753129885
19629,3.0289465843526147
19630,7.494192384398828
19631,2.9098757531298753
19632,0.012219886124000018
19633,7.01007539594705
19634,0.39163401818432153
19635,0.3089311731812294
19636,0.39163401818432153
19637,0.3089311731812294
19638,0.997664160965704
19639,0.9670956934853657
19640,-0.0483372973946767
19641,0.4082282557732672
19642,0.31111879192498826
19643,0.02656751409448208
19644,72.98450462948779
19645,4.138560592742813
19646,9.321367349121406
19647,20.793746779117548
19648,6966.465249244521
19649,0.09679125173647032
19650,10.712698739024859
19651,1337.571280961361
19652,1.4244471738248157
19653,1907.0977504844473
19654,0.0011113727498776652
19655,0.0007905332027816619
19656,4.221751515380191
19657,58077.15973428228
19658,0.8048146040901395
19659,0.8887915887051582
19660,0.15260908921229235
19661,0.9161300724191055
19662,1225.0498592037043
19663,0.0007270471741619233
19664,1132.9323726964808
19665,0.065040035174033
19666,25.068624230036175
19667,1332.5974510591882
19668,11521.213272862966
19669,15411691.780699236
19670,8.628690953974763
19671,0.0008827780044256268
19672,6364.193409495379
19673,0.36535928638242027
19674,0.6272816062130664
19675,837.1567516027915
19676,0.000587929533659959
19677,6.424637389796894
19678,0.21507593530065441
19679,11499.59523069621
19680,-7.843645039407099
19681,7.7117156435177945
19682,7308404492.052927
19683,2.580471582803652
19684,7.650090620530763
19685,79.07906078148223
19686,230.03858727965942
19687,6.165286143669637
19688,0.07105154598081241
19689,-0.0884829701030727
19690,-268.3288230111413
19691,498.36741029080076
19692,3.2163197487676976
19693,300.3969981359815
19694,0.2801275418135511
19695,13.990014767619074
19696,7308404492.052927
19697,0.22740127592240006
19698,195.7205131981998
19699,2970.0970019075407
19700,54.49938560361671
19701,19474.484700861234
19702,25.17922294038692
19703,14.222043109829944
19704,14.566265936353945
19705,-0.024227274269597955
19706,1.6290464078225433
19707,2.2288438039692755
19708,11.798032659383207
19709,1.6290464078225404
19710,0.06020636808849401
19711,4.899276118524278
19712,0.5573261830557729
19713,0.512364875214875
19714,0.5573261830557729
19715,0.512364875214875
19716,0.9987350765080516
19717,0.9849828876806561
19718,-0.07803828463289268
19719,0.5406925573028126
19720,0.4561976637603205
19721,0.11160751999198774
19722,108.99877120723329
19723,3.053398659834834
19724,7.197077261545986
19725,14.222043109829976
19726,12875.04820816984
19727,0.2034608660995876
19728,9.90630490849167
19729,2982.442025103165
19730,2.068646871077908
19731,6155.180629707415
19732,0.0007192987435067825
19733,0.00035896608488782903
19734,3.6448369115998536
19735,41689.78848143068
19736,0.656862402816701
19737,0.7813737688413573
19738,0.41923773092841726
19739,0.8371359481876361
19740,2498.9000604327575
19741,0.0003040359303915561
19742,825.0124223602485
19743,0.10457756653064373
19744,66.16566593002823
19745,3069.7864114589934
19746,166708.11687159335
19747,494836068.6273292
19748,56.19437773816927
19749,0.0005086897759972628
19750,3713.6299911268857
19751,0.47073519978791806
19752,0.7134277403867622
19753,2212.2208557099793
19754,0.0004108274624243595
19755,5.787184254480367
19756,0.09740708729472775
19757,166602.72214397122
19758,-14.243005526277168
19759,14.224560939358417
19760,7306753679.767182
19761,3.3774763666601
19762,14.289015274063438
19763,50.1430199096571
19764,295.60845029693473
19765,10.272163336004981
19766,-0.2072032563947795
19767,0.44572520568516877
19768,-265.47867672059084
19769,561.0871270175255
19770,5.9726448134608825
19771,300.36306959097044
19772,-0.28903064914157434
19773,18.500070128450325
19774,7306753679.767182
19775,0.12661617764764085
19776,342.25259475758
19777,2969.417647135174
19778,54.47435733120267
19779,41287.18668469799
19780,-282.1910994600147
19781,27.86767510149766
19782,20.019773376213088
19783,0.14685324922074433
19784,2.4200590646278677
19785,2.7607167816288074
19786,13.88742385398567
19787,2.4200590646278552
19788,0.019341291021228064
19789,6.44766757277764
19790,0.4437639288869672
19791,0.37067240887116587
19792,0.4437639288869672
19793,0.37067240887116587
19794,0.9986300399782522
19795,0.9800093213692442
19796,-0.06224535880678373
19797,0.509687101958009
19798,0.36687978805334037
19799,0.04096666659818436
19800,108.94871466240522
19801,3.9419096737586727
19802,11.971862119427692
19803,27.867675101497696
19804,8357.274685453254
19805,0.12029640063955932
19806,15.51505823563135
19807,2977.9609123063638
19808,1.578428377367548
19809,4707.153663064817
19810,0.0005686821189739767
19811,0.0003742842447497671
19812,4.113945462494289
19813,52813.460102680925
19814,0.758065935015101
19815,0.8578893880536053
19816,0.21248449785899542
19817,0.8928739429099473
19818,2657.7755195655013
19819,0.00033824806758362417
19820,874.1705307375394
19821,0.07061721712073184
19822,63.701807275834064
19823,2948.9597705792066
19824,39791.04790370789
19825,118857404.05565877
19826,13.336115211228813
19827,0.0005427040675533548
19828,4726.867517570078
19829,0.38184566746668375
19830,0.6418088128126268
19831,1893.668114203226
19832,0.0004166581500852815
19833,6.51156958844179
19834,0.15284603037412026
19835,39748.243182571794
19836,-16.54460978619118
19837,15.526065542217763
19838,7299472853.572811
19839,3.550304362278119
19840,15.846665161260674
19841,54.832798968846824
19842,412.16689540824257
19843,11.553581199733998
19844,-0.5201935712488552
19845,-0.03732790697380217
19846,-297.94329641642736
19847,710.11019182467
19848,6.657387424408599
19849,300.2133836664695
19850,0.8720059942193844
19851,20.974300318927384
19852,7299472853.572811
19853,0.1134004199573676
19854,439.92127386855736
19855,3660.3985048430322
19856,60.41742173733356
19857,166722.00636102902
19858,307.3884435812846
19859,52.40833067067442
19860,11.873824091491667
19861,0.6286123468868657
19862,1.9682726777719703
19863,2.5352599778289497
19864,7.93816215226253
19865,1.9682726777719544
19866,0.017725166072348943
19867,6.591183082207561
19868,0.4840690980113509
19869,0.4196514378251562
19870,0.4840690980113509
19871,0.4196514378251562
19872,0.999439154082081
19873,0.9867496128171174
19874,-0.12198414474125255
19875,0.7427556311658705
19876,0.4071981570282856
19877,0.03968387335841092
19878,120.83484347466714
19879,4.346467897685251
19880,16.07053869054156
19881,52.408330670674474
19882,7636.035753584325
19883,0.1079439147697748
19884,19.648445399191655
19885,3665.023455638302
19886,1.4985470336760363
19887,5493.592705544775
19888,0.0004369086493433923
19889,0.0003003397857728882
19890,4.221997574447788
19891,55440.01815831841
19892,0.7818103352591552
19893,0.8735180981507683
19894,0.18204702252549396
19895,0.9049333488195871
19896,3316.360455968425
19897,0.0002742774199257738
19898,955.442593456387
19899,0.06366646188154775
19900,69.34894144088571
19901,3665.8953821549944
19902,25736.552941960417
19903,94376847.10201906
19904,7.025186315374495
19905,0.00039436231398051963
19906,5701.064769774105
19907,0.3798937009245089
19908,0.6399373923718042
19909,2355.4915415603473
19910,0.0002920210247310246
19911,6.598468994941311
19912,0.18529448080009878
19913,25707.427331761737
19914,513.3995860731619
19915,740.0554128269529
19916,69570681698.17253
19917,6.208629731467033
19918,118.68672639854844
19919,4.391006064472333
19920,954.0043087314898
19921,71.38534537591507
19922,622.340419752708
19923,619.3806499486132
19924,-103.71163832887181
19925,1057.7159470603617
19926,49.294897929484975
19927,926.8243386492331
19928,-0.14856897492695015
19929,91.05770040466814
19930,69570681698.17253
19931,0.015999716497600132
19932,8291.504802986301
19933,21481.179775681463
19934,145.65182521688533
19935,4972687.391605468
19936,964.3769509218872
19937,1121.4175193882052
19938,54.53951424114462
19939,0.9068648951441078
19940,5.202783492150031
19941,3.8530081808148893
19942,26.923093320919964
19943,5.202783492150014
19944,0.0008459590218769803
19945,10.799610493019774
19946,0.2847175662869848
19947,0.19327086390366804
19948,0.2847175662869848
19949,0.19327086390366804
19950,0.9988058005706405
19951,0.97657256153751
19952,-0.2369864191937215
19953,0.9697366335400885
19954,0.1990858244774884
19955,0.0022171080950552824
19956,291.30365043377054
19957,7.090904064862004
19958,293.9892584073377
19959,1121.4175193882074
19960,1211.3614210346668
19961,0.015865047340618776
19962,336.9797505518385
19963,21661.29052935188
19964,1.1937026671304376
19965,25779.01059580662
19966,7.4873875465898e-05
19967,6.533389091699672e-05
19968,6.548930978897193
19969,68282.24899065909
19970,0.8940499063183694
19971,0.9427431686722956
19972,0.06798986380287977
19973,0.9573778309173402
19974,20754.99506777422
19975,6.323293467689307e-05
19976,527.406391220142
19977,0.014186743899831666
19978,419.08753513434766
19979,21942.35157090596
19980,15.705078545298042
19981,329946.98870238865
19982,0.0008098127010438108
19983,8.245047947151495e-05
19984,15905.291532171294
19985,0.4278376246011215
19986,0.6800933280182954
19987,14947.63304577179
19988,6.69094094449119e-05
19989,8.24999216801763
19990,0.4590196320533399
19991,10.958972048880348
19992,4.0
19993,80990.0
19994,80990.0
19995,31941.11212032724
19996,0.39438340684439116
19997,0.2834142551274086
19998,3.528404030172904
19999,107.09341716464182
20000,97.16480844420988
20001,83.93449827097318
20002,106.6770828247567
20003,76.64560321096788
20004,62.65607990444285
20005,39.83258705465425
20006,0.8174778105924914
20007,0.519698265600632
20008,185.23243335071115
20009,331.82050801718174
20010,24123903656.096592
20011,5.344755729688178
20012,63.20770192040476
20013,4.542983774995566
20014,578.5995144511024
20015,44.67483056353062
20016,242.58834210679828
20017,226.92261972374408
20018,9.05777480660431
20019,569.5417396444981
20020,28.541863634323747
20021,545.7680315309997
20022,1.225235424072961
20023,58.827164227236544
20024,24123903656.096592
20025,0.0321223860773063
20026,3460.6352510182587
20027,2433.9602124607804
20028,48.10579978590729
20029,1137822.334265294
20030,14169.246041677465
20031,530.2187572777748
20032,51.05004772155601
20033,0.8244851256752139
20034,4.621434484746875
20035,3.713204125477332
20036,29.2248243167594
20037,4.621434484746873
20038,0.0025475817539311963
20039,9.697824750534089
20040,0.3361697731668119
20041,0.2522494580916628
20042,0.3361697731668119
20043,0.2522494580916628
20044,0.9962612477435557
20045,0.9631651128234864
20046,-0.18704530724734905
20047,0.9246426861097237
20048,0.2555685911308703
20049,0.008563751113746547
20050,96.21159957181462
20051,6.293710125887897
20052,145.3172012498331
20053,530.2187572777754
20054,2315.4845581729633
20055,0.03114869232156297
20056,142.59196421741333
20057,2480.0664755956877
20058,1.2927395376136468
20059,3073.300194273543
20060,0.0006913725084225497
20061,0.0005262938634377925
20062,5.811372374724338
20063,63374.25639704328
20064,0.8522428760165736
20065,0.9177961191790058
20066,0.10475002520579096
20067,0.9389168839538313
20068,2353.9830260806198
20069,0.0004921918502487122
20070,644.6246938123469
20071,0.02288418807243235
20072,183.28299502482673
20073,2981.0616635308315
20074,401.7078348539174
20075,685509.0775675388
20076,0.24112898436715635
20077,0.0004972279063448651
20078,12445.718236359118
20079,0.4418232183023578
20080,0.6913574301512245
20081,2126.5074545162274
20082,0.00034871875843981175
20083,7.590167453008537
20084,0.34780837140387705
20085,393.44136781642743
20086,-38.13868446350098
20087,19.66566276550293
20088,7153414910.372993
20089,4.083292203229453
20090,20.74422860145569
20091,5.9498705240045116
20092,137.99937438964844
20093,17.343118226277095
20094,-3.8164451178973295
20095,1.1708796620368958
20096,-255.18777465820312
20097,393.18714904785156
20098,9.80818548860408
20099,297.1946644973077
20100,-1.309876415946059
20101,24.49429368379031
20102,7153414910.372993
20103,0.08357276993293923
20104,599.9704230677698
20105,2695.673603746002
20106,51.75721113880359
20107,38458.60055399731
20108,-998.9331693387376
20109,82.38562776578036
20110,14.928682078444517
20111,0.6928211829993441
20112,2.459951485576659
20113,2.9080760833939916
20114,8.734176935151806
20115,2.459951485576653
20116,0.013564707188258206
20117,7.520184752496566
20118,0.4669936205737518
20119,0.40449594438233777
20120,0.4669936205737518
20121,0.40449594438233777
20122,0.9977121290318057
20123,0.9713361390474987
20124,-0.1548226325121401
20125,0.8344590160946748
20126,0.37715599126182703
20127,0.04242125390740382
20128,103.5144222776071
20129,4.951221820844832
20130,24.328577461056206
20131,82.38562776578033
20132,5209.652505589634
20133,0.07629322473624581
20134,26.355551501900727
20135,2682.720089115973
20136,1.6827949579762973
20137,4596.455911268386
20138,0.0006532653972761833
20139,0.00040565263403746717
20140,4.893716761228339
20141,50886.303573649
20142,0.7441843190073799
20143,0.8427555158756541
20144,0.26925212972444384
20145,0.8858725483142919
20146,2364.372728325681
20147,0.00036388523284378016
20148,644.7310621242485
20149,0.043068207222728694
20150,46.858862236674696
20151,2471.8785571142284
20152,17821.771008684034
20153,50611376.99265197
20154,6.284210380820374
20155,0.0005082104789508843
20156,5331.605477621911
20157,0.35615267051582566
20158,0.6182588079664318
20159,1519.3441134289712
20160,0.0003426005133328475
20161,7.034157436386191
20162,0.18483763427583652
20163,17792.50124626898
20164,-54.85497550964355
20165,27.101713562011728
20166,7021613209.331755
20167,4.5622942870589025
20168,44.4683940410614
20169,3.0209057078749884
20170,82.85340881347656
20171,25.84213298890642
20172,-7.26787112396795
20173,0.9453009963035583
20174,-150.4451904296875
20175,233.29859924316406
20176,18.417321413606526
20177,294.44402897651514
20178,-0.7484075597964783
20179,31.704682992091836
20180,7021613209.331755
20181,0.05108669064627007
20182,1005.1869236290373
20183,946.1041115545011
20184,30.105831273372992
20185,78299.24350713461
20186,-1567.0576272535584
20187,163.20965140637935
20188,4.239479900770484
20189,0.9494292541044316
20190,1.4611963965760304
20191,2.2510331405443176
20192,2.035315296687617
20193,1.4611963965760295
20194,0.009603210363919002
20195,7.459441389690525
20196,0.5445863955693392
20197,0.49494548951115697
20198,0.5445863955693392
20199,0.49494548951115697
20200,0.9981767451848135
20201,0.9712567552909367
20202,-0.3681701860595732
20203,0.9805397057357415
20204,0.4432525474462581
20205,0.026297075073233995
20206,60.211662546746
20207,5.54741327015055
20208,41.862282826787485
20209,163.2096514063794
20210,3145.787610816776
20211,0.049137958071425514
20212,40.50361951346396
20213,917.9911816071079
20214,2.2044975213300018
20215,2192.7740000118038
20216,0.0028854360847555085
20217,0.0014774751561140293
20218,5.4732080872205735
20219,45257.46577885728
20220,0.7046325057505777
20221,0.7898420507754994
20222,0.5819578739084861
20223,0.8634148470066983
20224,779.7898617197599
20225,0.0012985974293396188
20226,293.9046686255305
20227,0.0479766027792247
20228,36.663304575863364
20229,777.7541625857003
20230,26421.741756447926
20231,30161168.25122429
20232,23.939746217087034
20233,0.001918527538933397
20234,1568.1191642180868
20235,0.25597766311101644
20236,0.5183318836711063
20237,413.20711639098613
20238,0.0010004371141436777
20239,7.412418796222185
20240,0.07563896777379923
20241,26246.954883351245
20242,-56.395422744750974
20243,22.865888404846206
20244,6827504691.691845
20245,4.539246401678428
20246,40.002180337905884
20247,3.5554271016673193
20248,82.5824966430664
20249,24.694442306370085
20250,-11.316010544820378
20251,-4.040231227874756
20252,-141.40367126464844
20253,223.98616790771484
20254,17.025154358207757
20255,290.3456368864835
20256,-0.8891568536213169
20257,31.018431476453774
20258,6827504691.691845
20259,0.05192091185567978
20260,962.1430912594583
20261,783.8489750803969
20262,27.3086183570053
20263,83932.78567759207
20264,-1697.8422118975836
20265,154.06585362867466
20266,1.715488306753298
20267,0.9779663964546357
20268,0.9430309218652393
20269,1.7293936967024839
20270,0.7935146747995383
20271,0.9430309218652388
20272,0.012989131222989683
20273,6.869609555499853
20274,0.6318345808751289
20275,0.6024883343771104
20276,0.6318345808751289
20277,0.6024883343771104
20278,0.9991918401719911
20279,0.980271355625403
20280,-0.48850512064834073
20281,0.9933407657189609
20282,0.4843313514891284
20283,0.036306908701785545
20284,54.617236714010616
20285,5.529904171208745
20286,38.94533548385699
20287,154.0658536286746
20288,2927.481591886748
20289,0.0503243070145373
20290,38.91469724418219
20291,753.0035708311259
20292,2.947273429536038
20293,2446.9085353435594
20294,0.005436800713084555
20295,0.002175847495224422
20296,5.6867858503446875
20297,36713.70734043968
20298,0.6267040043349185
20299,0.7177799728361529
20300,0.965839442233864
20301,0.8173397628828506
20302,601.7402040731557
20303,0.0018064559098014674
20304,90.63959165557036
20305,0.040230622128526565
20306,46.504834685704466
20307,657.6236129604971
20308,94325.24189968931
20309,83620393.2933866
20310,114.8918893216189
20311,0.0028277238273477705
20312,411.79982245894365
20313,0.18277843873011257
20314,0.42830355075380927
20315,292.64834770420407
20316,0.0008837655807848849
20317,7.8971274982802795
20318,0.027818249166563773
20319,93033.01012862664
20320,-6.584057665357577
20321,6.666647501027278
20322,7300501476.817292
20323,2.3878734478657266
20324,6.202705428595772
20325,91.81889356603418
20326,238.67649038109369
20327,5.205420868582222
20328,0.004360004665912012
20329,0.020254256014374496
20330,-228.2800756227017
20331,466.9565660037954
20332,2.628093033816735
20333,300.23453557652164
20334,0.22597025028862064
20335,11.754162285779882
20336,7300501476.817292
20337,0.26665166484253594
20338,138.16033104045016
20339,2161.83217857995
20340,46.50112181282813
20341,8116.842704651675
20342,-5.71256419691992
20343,8.773884265661835
20344,10.862514422483079
20345,-0.10007507726830533
20346,1.4863340836710337
20347,2.193719861274819
20348,8.641222994971384
20349,1.4863340836710295
20350,0.08073541099453144
20351,4.599065492610653
20352,0.5741709616151436
20353,0.5342337754784715
20354,0.5741709616151436
20355,0.5342337754784715
20356,0.9988942407940558
20357,0.985168828330353
20358,-0.048448939522815905
20359,0.450295166733241
20360,0.4690551691416703
20361,0.1377641912176605
20362,93.00224362565632
20363,2.8117860795423946
20364,4.909099672036228
20365,8.773884265661827
20366,13939.968618531504
20367,0.2309290777721541
20368,7.313637337688548
20369,2169.4938916184688
20370,2.347272269157671
20371,5084.06604302328
20372,0.001113061617541735
20373,0.0004894075365709168
20374,3.6093906298046954
20375,37091.82810094953
20376,0.6144274973247815
20377,0.7453256337439572
20378,0.5460752803470877
20379,0.8120879306090641
20380,1762.9583898386165
20381,0.00040237234722614694
20382,771.2034759358289
20383,0.10310206897537819
20384,48.29740911593126
20385,2208.570989304813
20386,215730.23903743314
20387,466675399.8782086
20388,99.78308400982029
20389,0.0006652648783559617
20390,3895.1844919786095
20391,0.5207465898367125
20392,0.7495820630748976
20393,1662.530822974595
20394,0.0005411121539384688
20395,5.588711602164817
20396,0.09235708112112606
20397,215613.00341266554
20398,-11.987235440709858
20399,11.83799335014385
20400,7306299923.57054
20401,3.1581132535153227
20402,10.816982816787988
20403,29.158657508784913
20404,279.9353951545664
20405,8.32717925196672
20406,0.047606325259525954
20407,-0.025591355013420344
20408,-242.7690910234067
20409,522.7044861779731
20410,4.6324041464536245
20411,300.35374303323584
20412,0.33807540245409073
20413,13.557466303006947
20414,7306299923.57054
20415,0.1567942604820233
20416,183.80489255716887
20417,2450.740642474485
20418,49.50798342547656
20419,4587.465683096581
20420,21.069638523853527
20421,13.17638436621602
20422,14.377098511744661
20423,-0.04208230951702645
20424,2.336135323665375
20425,2.821104593802834
20426,8.894404052207324
20427,2.336135323665364
20428,0.02920115473769807
20429,6.153053610965513
20430,0.45723062835086353
20431,0.38907484584087865
20432,0.45723062835086353
20433,0.38907484584087865
20434,0.9987426890271748
20435,0.9789043621032305
20436,-0.03494229334835005
20437,0.4429123835267629
20438,0.37823025123945025
20439,0.06525382560653459
20440,99.0159668509531
20441,3.597990956067939
20442,6.888370719490159
20443,13.176384366216016
20444,9629.736825917616
20445,0.14212516753116342
20446,8.55182425601307
20447,2459.8989508370537
20448,1.7122517405174877
20449,4206.254324269256
20450,0.0007195046538713059
20451,0.0004282403001952331
20452,3.9998981579439814
20453,49735.48305457785
20454,0.7325152371492825
20455,0.8364679400115873
20456,0.2753619129020402
20457,0.8796229985948169
20458,2164.7654841403923
20459,0.00037897887656337953
20460,943.4983874773853
20461,0.07421524325315704
20462,31.065649528371026
20463,2489.6824510343745
20464,61656.21143711162
20465,150984256.95005113
20466,25.20134366901458
20467,0.00050743678772612
20468,5484.462282702745
20469,0.4314058273187088
20470,0.6829780437379039
20471,1708.343005818371
20472,0.0003755468609417095
20473,6.111183882521459
20474,0.156969996295839
20475,61615.626329302584
20476,-14.741981621354698
20477,14.491062285104704
20478,7308771863.629467
20479,3.4291717060926876
20480,13.396729601238828
20481,27.05979780285175
20482,321.22650677043134
20483,10.038090735455395
20484,-0.017459828457742285
20485,-0.06457464355737647
20486,-235.73449779806316
20487,556.9610045684944
20488,5.730548833410091
20489,300.40454806922037
20490,0.2352382206698203
20491,15.917540416206029
20492,7308771863.629467
20493,0.12800950717888723
20494,253.3680929015524
20495,2352.29805778284
20496,48.49630907122035
20497,10908.41184502384
20498,32.372396412552995
20499,19.792498611246828
20500,18.16826324474053
20501,0.038636619688617584
20502,2.6475067833181947
20503,2.9448668500267745
20504,10.737542064018665
20505,2.647506783318185
20506,0.021096317349323622
20507,6.582580573350113
20508,0.4359190056529008
20509,0.3639035119555773
20510,0.4359190056529008
20511,0.3639035119555773
20512,0.9986289861549233
20513,0.9778282212917504
20514,-0.06522446407293014
20515,0.5373411216761992
20516,0.3503387049025557
20517,0.05028198670607449
20518,96.9926181424406
20519,3.891183765953685
20520,9.490190463996836
20521,19.79249861124682
20522,8315.951422100907
20523,0.11850711623970077
20524,11.414982353423424
20525,2363.50222264995
20526,1.5411070936454512
20527,3637.000895145847
20528,0.0006839060003629714
20529,0.0004529918946346504
20530,4.139655863505965
20531,54451.456441684866
20532,0.7746365172149225
20533,0.8663861635339593
20534,0.20368803307520159
20535,0.9014304931871872
20536,2131.5146848094855
20537,0.0004108922584051416
20538,1041.571374669853
20539,0.06549939470946126
20540,35.64023998329221
20541,2395.2096591623695
20542,32112.283737894606
20543,75486126.1501069
20544,13.677296920860561
20545,0.0005374201558020513
20546,6855.373286379072
20547,0.43110132602056794
20548,0.6827827282705072
20549,1643.6934592131092
20550,0.000398872590859996
20551,6.236065587468521
20552,0.19634522780590197
20553,32086.34437531883
20554,-33.52184032824253
20555,30.003786295372837
20556,7315014939.156876
20557,4.545832226769258
20558,26.65950768375751
20559,11.37738279405982
20560,333.0108741417748
20561,22.238176509735585
20562,-1.534528295027341
20563,0.6182816706919863
20564,-355.51203954727663
20565,688.5229136890514
20566,11.661522720651568
20567,300.5328218744028
20568,-1.04026390562823
20569,35.19004438359927
20570,7315014939.156876
20571,0.06282816694827612
20572,1238.3392237196867
20573,5228.033405670876
20574,72.2295582349505
20575,163023.2401759603
20576,-1491.882646714443
20577,116.12366926829961
20578,72.42787856847312
20579,0.22312832772398875
20580,5.282790663698989
20581,3.850706368482649
20582,42.700695278639
20583,5.282790663698986
20584,0.005626650198765733
20585,8.73123760250223
20586,0.3165329389269607
20587,0.2320014906480375
20588,0.3165329389269607
20589,0.2320014906480375
20590,0.9964213788553415
20591,0.9651888227928038
20592,-0.06683793259097422
20593,0.6026642756563968
20594,0.2364731439723867
20595,0.01587270852158053
20596,144.45911646990092
20597,5.1201060315288025
20598,47.13788695919326
20599,116.12366926829961
20600,4473.545551052484
20601,0.060003112530827574
20602,52.659298725107334
20603,5258.56285611169
20604,1.2852909500069194
20605,6769.930220460432
20606,0.0002701790277465017
20607,0.00021562996656747236
20608,5.016847822278951
20609,63980.861535378426
20610,0.857194573855007
20611,0.9204640648893021
20612,0.10237603927820597
20613,0.9408372358657147
20614,4945.315845395475
20615,0.00020429220120861868
20616,1042.593062404353
20617,0.03545631907513528
20618,101.65398654565912
20619,5212.792824349601
20620,782.6766196225132
20621,4175335.1536813467
20622,0.1468780763537712
20623,0.0002507106974310538
20624,13284.809692229213
20625,0.4517874406471421
20626,0.6989497023196292
20627,3630.7066586338433
20628,0.00019025288780951733
20629,7.022251187381829
20630,0.363069514754908
20631,775.0904870072166
20632,-11.397047097103194
20633,11.2767707756717
20634,7319091349.026449
20635,3.1303275007517684
20636,10.278720967201854
20637,56.47169986322064
20638,311.2901556870453
20639,8.61839021911711
20640,0.1285640760491902
20641,-0.03882844988476056
20642,-329.56366563050364
20643,640.8538213175489
20644,4.399751047853124
20645,300.61654858876864
20646,0.6250170748290957
20647,17.121749649855428
20648,7319091349.026449
20649,0.16435663851832588
20650,293.15431107232445
20651,4425.337748704641
20652,66.51952483255327
20653,32011.240747235206
20654,81.42439798154591
20655,22.848929218440862
20656,20.88677672743303
20657,0.03550311344245886
20658,2.206136994690395
20659,2.6632078361604923
20660,15.803544653390432
20661,2.2061369946903793
20662,0.03390344676400992
20663,5.98618126461533
20664,0.49287093120861925
20665,0.43334140530043114
20666,0.49287093120861925
20667,0.43334140530043114
20668,0.9988449648145185
20669,0.9839270548862031
20670,-0.0730405986633526
20671,0.5626189838207559
20672,0.40353062888135
20673,0.07580203940970914
20674,133.0390496651067
20675,3.6656697617377065
20676,10.933926486468438
20677,22.848929218440883
20678,9940.88855230875
20679,0.14810326684648759
20680,13.89522089997812
20681,4440.601437288964
20682,1.754155671632484
20683,7776.49728627627
20684,0.0004160133193562355
20685,0.000245280365729848
20686,4.013254259276197
20687,48531.81551464635
20688,0.7218073118967732
20689,0.8287119967327399
20690,0.2922298414998117
20691,0.8740155463920531
20692,3883.272965554472
20693,0.00021675075902599693
20694,839.4170313025917
20695,0.07063421670334834
20696,62.55741501263024
20697,4511.2027095254125
20698,72090.91770447661
20699,318902591.9669303
20700,16.30536463090521
20701,0.000331666257621523
20702,5313.772972063279
20703,0.4471367361211106
20704,0.6955199730560129
20705,3155.365351423591
20706,0.0002621209092909138
20707,6.269203827425684
20708,0.1467341647116928
20709,72044.47286013763
20710,-26.504136620421075
20711,23.089203713834543
20712,7308048104.091668
20713,4.189184417996633
20714,20.3310284097195
20715,17.27754237440382
20716,336.24713975997327
20717,17.559120504457447
20718,-1.0339003804676037
20719,0.7194204693071418
20720,-350.3267427422542
20721,686.5738825022274
20722,8.938452488898452
20723,300.38967374807794
20724,-0.8304863189591359
20725,29.21005602118127
20726,7308048104.091668
20727,0.08186213694187351
20728,853.2273727605482
20729,5085.804123504128
20730,71.25486854661388
20731,104349.7097166617
20732,-928.0207841201973
20733,81.216448761924
20734,47.02611412940648
20735,0.25923470791307046
20736,3.975889712681967
20737,3.4745515032969467
20738,30.52437474750026
20739,3.975889712681961
20740,0.009361488922507884
20741,8.031299374832408
20742,0.3694306381030783
20743,0.28896271732900825
20744,0.3694306381030783
20745,0.28896271732900825
20746,0.9977172334543973
20747,0.9734503801059027
20748,-0.07068222540407613
20749,0.6208816662338784
20750,0.2897685024239198
20751,0.026263210985648704
20752,142.50973709322773
20753,4.828173345143633
20754,32.060640722832694
20755,81.21644876192403
20756,5582.636735357753
20757,0.07697942438978457
20758,37.15549689184577
20759,5113.401071584304
20760,1.395511257242096
20761,7149.067827237776
20762,0.00029667615730754964
20763,0.00021926636056315886
20764,4.78219438342301
20765,59340.3712704558
20766,0.8172678552362428
20767,0.8953223094968993
20768,0.14490686986792659
20769,0.9223835101011171
20770,4714.099135337572
20771,0.00020404930689224709
20772,890.6999594904803
20773,0.04009091954316425
20774,89.30795831317519
20775,5063.71895395418
20776,7806.483953729126
20777,40150056.85340055
20778,1.5188149782692284
20779,0.00026935656203827627
20780,9377.42048881487
20781,0.42208311152787825
20782,0.6755010949764948
20783,3413.8994242623976
20784,0.00020291155309558147
20785,7.010702061840076
20786,0.27431781701444624
20787,7793.194963935308
20788,-27.75111894652635
20789,24.9357450004349
20790,7317363919.942073
20791,4.296097949831643
20792,22.430299548092616
20793,23.425197761335603
20794,379.23803020842973
20795,18.865870689921582
20796,-1.1125016823446974
20797,0.2512677223268627
20798,-499.9437273805694
20799,879.1817575889991
20800,9.75068266057299
20801,300.58107120580866
20802,-0.5340976058803821
20803,31.8628893329687
20804,7317363919.942073
20805,0.07501113466499677
20806,1015.2437166450105
20807,10080.588538063868
20808,100.2802351629868
20809,383516.74263531115
20810,-797.9049957500888
20811,125.66554311649324
20812,27.813794046196342
20813,0.6366199500182315
20814,3.1922723372568464
20815,3.214179566433676
20816,17.43760365105713
20817,3.1922723372568234
20818,0.008763336191092628
20819,8.039494480876186
20820,0.4032577193222061
20821,0.32642993232808665
20822,0.4032577193222061
20823,0.32642993232808665
20824,0.9991213000988225
20825,0.9826739875443077
20826,-0.11743779178138844
20827,0.782325247315135
20828,0.3239627537692879
20829,0.023704866971326247
20830,200.56047032597348
20831,5.111900092391528
20832,38.36983429067238
20833,125.66554311649348
20834,5224.216003861359
20835,0.0711556295133415
20836,43.87929191178368
20837,10092.995612720379
20838,1.34497934269562
20839,13586.661115934503
20840,0.00014928102936351688
20841,0.00011508168883136127
20842,4.835969553125594
20843,61333.34239859215
20844,0.8345127452361616
20845,0.9064442903682315
20846,0.12530190476693537
20847,0.930543434250336
20848,9389.835471519593
20849,0.00010818992089567183
20850,989.3571428571429
20851,0.03956795484151107
20852,100.15507155713188
20853,10043.269316909295
20854,4844.782274836026
20855,49119714.34154535
20856,0.4780432840058961
20857,0.00014534313038811278
20858,10722.84026555751
20859,0.4288449954230327
20860,0.6807484332452544
20861,6826.451685071042
20862,0.00011307536354434885
20863,6.99098535827463
20864,0.3087294727744166
20865,4834.290624272793
20866,526.0058677823836
20867,925.9221043875161
20868,80412666171.9289
20869,6.7981965416231285
20870,176.67349543859132
20871,4.174607072030812
20872,1583.7857296782843
20873,121.3944778735624
20874,683.8599542207827
20875,642.9136140975788
20876,-52.88480980353879
20877,1636.670539481823
20878,79.2968974739945
20879,996.4293963041736
20880,1.0632467923379925
20881,157.76923749507958
20882,80412666171.9289
20883,0.011568347441856586
20884,24891.132299778823
20885,22999.142162728334
20886,148.61827840634686
20887,57842382.31395595
20888,258376.07699577085
20889,3903.500195103961
20890,256.50249062630473
20891,0.8768242642888957
20892,10.210931837943239
20893,4.786475067585101
20894,149.56431079911556
20895,10.210931837943166
20896,0.0004451951743367524
20897,12.19331891925364
20898,0.22134114532962593
20899,0.13977454948497936
20900,0.22134114532962593
20901,0.13977454948497936
20902,0.9976610164248398
20903,0.9709989894021108
20904,-0.20546585778006904
20905,0.9661362447095972
20906,0.14539410298543012
20907,0.0015416644217286766
20908,297.23655681269355
20909,7.752908681859618
20910,1040.0006714325648
20911,3903.5001951039353
20912,886.4412092826044
20913,0.011408045907966275
20914,1008.3279376517489
20915,23127.387601795504
20916,1.133590696960354
20917,25724.392597204827
20918,0.00010443146241027633
20919,9.683683265367248e-05
20920,7.058988482128552
20921,71805.1128652871
20922,0.9239877387501836
20923,0.9593947970784616
20924,0.046892698800419394
20925,0.9699812180190529
20926,22538.48192091936
20927,9.513877211419511e-05
20928,469.1822531987933
20929,0.009761411696635667
20930,1142.5156538720491
20931,24985.17802975138
20932,7.536377821699782
20933,142758.74569853322
20934,0.0005095728088436283
20935,0.00012224632575786543
20936,26387.734713408925
20937,0.5490010342954109
20938,0.7691858750946151
20939,19869.461798604032
20940,0.0001102097891503342
20941,8.378735841978603
20942,0.5934683294233856
20943,4.6971195177427605
20944,4.0
20945,80990.0
20946,80990.0
20947,31941.11212032724
20948,0.39438340684439116
20949,0.2834142551274086
20950,3.528404030172904
20951,107.09341716464182
20952,97.16480844420988
20953,83.93449827097318
20954,106.6770828247567
20955,76.64560321096788
20956,62.65607990444285
20957,39.83258705465425
20958,0.8174778105924914
20959,0.519698265600632
20960,193.73483208318524
20961,359.90541232875137
20962,27889190401.144512
20963,5.65508929754667
20964,85.95030012701696
20965,3.1557106680930755
20966,642.5863994131628
20967,50.49912509289544
20968,283.3614528632047
20969,289.23516555764854
20970,23.744238498640506
20971,618.8421609145223
20972,35.43552251995175
20973,586.8164154019254
20974,-0.2787761978852671
20975,63.58396573426358
20976,27889190401.144512
20977,0.023702979798350156
20978,4042.920698496005
20979,3060.9776447274835
20980,54.08975385296041
20981,1045409.9228791748
20982,-5263.13660507808
20983,565.4065620745899
20984,24.39318644645657
20985,0.9170004807435986
20986,3.549377269690079
20987,3.3723855997964836
20988,11.515256409392885
20989,3.549377269690074
20990,0.0019174568976517076
20991,9.718959775302483
20992,0.3624114375270983
20993,0.27758402367968477
20994,0.3624114375270983
20995,0.27758402367968477
20996,0.998452753904812
20997,0.973050759881788
20998,-0.25934287480620244
20999,0.969329347664311
21000,0.2728924808902456
21001,0.006817251303361202
21002,108.17950770592086
21003,6.577552955322542
21004,147.4499371302615
21005,565.406562074589
21006,1703.8204383069276
21007,0.02329303059308195
21008,163.11473712745027
21009,2971.4855249378334
21010,1.383512705728107
21011,4181.391818794365
21012,0.0007127123659645264
21013,0.000546841460740763
21014,6.157333499396859
21015,61435.33671580488
21016,0.8392391667109566
21017,0.9030735038513774
21018,0.1544485573056895
21019,0.932390036421553
21020,2758.682885302627
21021,0.0005171390431371674
21022,518.4643842738872
21023,0.020736087040510623
21024,191.34093636396315
21025,2762.8323401191856
21026,533.0549934007919
21027,1788093.964924209
21028,0.18064782610913374
21029,0.0007055082344133215
21030,9930.055793304804
21031,0.39715457318341013
21032,0.6544627049766091
21033,1801.4139259578435
21034,0.000482618426070826
21035,7.848004915773293
21036,0.3087171255710582
21037,522.5625035894385
21038,-23.77289791107178
21039,14.396802902221687
21040,7085897511.482964
21041,3.723727112131508
21042,19.041642427444458
21043,5.231939578683715
21044,127.64871215820312
21045,12.315417935330325
21046,-4.67148009396589
21047,-4.861417293548584
21048,-98.23321533203125
21049,225.88192749023438
21050,7.989570482010825
21051,295.7888056558923
21052,0.2537174405807295
21053,16.494935024135316
21054,7085897511.482964
21055,0.09516583922313025
21056,272.08288145044594
21057,385.9310615643639
21058,19.444943353765638
21059,6852.962172019083
21060,50.87411030597823
21061,36.46573500370231
21062,5.165147022726206
21063,0.7512349947248956
21064,1.5875907667275366
21065,2.3648005175699804
21066,2.596145317325578
21067,1.5875907667275335
21068,0.016637120003607953
21069,6.693879483636462
21070,0.5289928480514213
21071,0.4752945019608327
21072,0.5289928480514213
21073,0.4752945019608327
21074,0.9975964124713769
21075,0.9676994385152838
21076,-0.18567282617598205
21077,0.8535897654808081
21078,0.42857242186126965
21079,0.03933879374208558
21080,38.88988670753128
21081,4.592496083230836
21082,10.407720506607136
21083,36.46573500370235
21084,5866.287701574527
21085,0.09061993177471679
21086,11.965063810083176
21087,396.2101413470885
21088,2.0135316012570277
21089,785.3128929706317
21090,0.005772835928043929
21091,0.0029331047037378355
21092,4.672900737047051
21093,44807.83736616108
21094,0.6896704532296041
21095,0.7988678564305183
21096,0.4281367643135952
21097,0.8559349272462001
21098,340.6987736488983
21099,0.0025239867380281752
21100,463.6820357772739
21101,0.05841295487242049
21102,25.593719334948624
21103,433.28974552784075
21104,40248.801461325274
21105,15534447.107961703
21106,106.46098286618242
21107,0.0033327464515697266
21108,2394.2383471907283
21109,0.3016173276884263
21110,0.5667955929954301
21111,247.6457623201287
21112,0.00195504397879309
21113,6.9334929923997
21114,0.09801210025929127
21115,40144.70388722476
21116,-57.6939956665039
21117,16.83913822174075
21118,6450101777.779731
21119,4.64187118242106
21120,40.513173937797546
21121,3.984327354398017
21122,126.67669677734375
21123,24.048958142901352
21124,-19.465664422080188
21125,-18.333043098449707
21126,-190.77725219726562
21127,317.4539489746094
21128,16.69030309299885
21129,282.20687151959515
21130,0.02939409903184315
21131,30.679062807269087
21132,6450101777.779731
21133,0.04785304849157926
21134,941.2048947323614
21135,1281.2631420495195
21136,35.3103586684689
21137,80908.54745416064
21138,109.40353265877809
21139,143.3686275409489
21140,5.607875944482376
21141,0.9247103456976974
21142,1.7572612846375602
21143,2.432713184102491
21144,2.4290990696353076
21145,1.7572612846375542
21146,0.006513847691969258
21147,7.8085151576436465
21148,0.49280499284751517
21149,0.4286682915850865
21150,0.49280499284751517
21151,0.4286682915850865
21152,0.9986806750743922
21153,0.9742093725722218
21154,-0.31498917078404837
21155,0.9697724634686471
21156,0.40411537869489983
21157,0.014294037673080733
21158,70.6207173369377
21159,5.605458965014963
21160,37.244125871357824
21161,143.3686275409487
21162,3244.1761078461996
21163,0.047880026060041596
21164,38.32798638852118
21165,1309.330268571693
21166,1.8223265854893345
21167,2372.574617961222
21168,0.001611108217442691
21169,0.0008965561501552467
21170,5.38012046548015
21171,51823.73379858968
21172,0.7632117678481254
21173,0.8365762154871924
21174,0.38373951858060334
21175,0.8945474814735521
21176,1174.5601511003165
21177,0.0008021297065331258
21178,356.8924065152558
21179,0.04093741758605825
21180,56.25090281439919
21181,1406.8682037164488
21182,12388.54232622161
21183,16237836.321633402
21184,9.840972681299265
21185,0.0010183760055629495
21186,2458.6664372562514
21187,0.28202184414501624
21188,0.5464210496424715
21189,767.8332235982156
21190,0.0006179830557562581
21191,7.552360466311319
21192,0.10764291887887394
21193,12302.238695089978
21194,-68.88404159545898
21195,3.849788570404066
21196,5900711631.941894
21197,4.622808414603308
21198,37.453914403915405
21199,4.010444697030646
21200,108.66709899902344
21201,23.246652883232297
21202,-31.77951268660456
21203,-31.106508255004883
21204,-185.941162109375
21205,294.60826110839844
21206,15.577526504256461
21207,269.92088929739185
21208,-0.21949061948983767
21209,30.249903544632208
21210,5900711631.941894
21211,0.049629057782457214
21212,915.0566644595522
21213,1049.7863314452807
21214,31.87881032120091
21215,74766.04499319282
21216,-298.81344967664927
21217,137.19212615197569
21218,3.086989797303377
21219,0.9559230544456498
21220,1.2990614002920478
21221,2.0578960941164492
21222,1.345524396969914
21223,1.299061400292047
21224,0.009271159096970386
21225,7.353092837754808
21226,0.5567599448405964
21227,0.5089162535386582
21228,0.5567599448405964
21229,0.5089162535386582
21230,0.9991457835371501
21231,0.9791632022514456
21232,-0.39869512974318905
21233,0.9856717777433217
21234,0.4598178919095735
21235,0.021627039164723666
21236,63.75762064240183
21237,5.573735015729345
21238,35.0697789873198
21239,137.19212615197574
21240,3106.099217876574
21241,0.048539714470484815
21242,38.589665192752655
21243,1077.092102530203
21244,2.2676379134755256
21245,2402.6669111603474
21246,0.002551290775482493
21247,0.001174467580365642
21248,5.534601936459468
21249,46237.51057675486
21250,0.7194829474515196
21251,0.7894915801570944
21252,0.6393767667923025
21253,0.8703814306555576
21254,942.083244941113
21255,0.0010274870535120554
21256,146.78544423440454
21257,0.034684651284122056
21258,75.2006543330093
21259,1149.9775519848772
21260,43282.29347826087
21261,46182764.551512286
21262,42.255425515260185
21263,0.001836185257039922
21264,885.758034026465
21265,0.20930010255823842
21266,0.460961891623891
21267,527.977147467195
21268,0.0010187755607094077
21269,8.074091598641196
21270,0.052253364612915174
21271,42916.04866759159
21272,-1.131915351440302
21273,1.1162982839135003
21274,7291756514.285381
21275,1.2767862625723523
21276,1.0941540816353093
21277,193.85975171248762
21278,172.4028729712145
21279,1.3359901080588605
21280,0.0052084897929479046
21281,0.002061522465578454
21282,-134.8019640167743
21283,307.20483698798876
21284,0.4606075102936368
21285,300.0546625568518
21286,1.3986634641570492
21287,5.44751329526412
21288,7291756514.285381
21289,0.472391579807976
21290,29.67540110207935
21291,756.2636511350596
21292,27.502655290304325
21293,917.5022250327302
21294,2.4753629854193244
21295,2.259751166655591
21296,2.789349363492429
21297,-0.09803964375339415
21298,0.6945865297655872
21299,1.2183274736221865
21300,2.290743225078076
21301,0.6945865297655872
21302,0.24412210952562388
21303,2.3701636741587153
21304,0.720910492059917
21305,0.7179071007005791
21306,0.720910492059917
21307,0.7179071007005791
21308,0.9993424758597945
21309,0.9893826121898599
21310,-0.10268534133891291
21311,0.4728303505104904
21312,0.5180293499462136
21313,0.29045080878574603
21314,55.00531058060864
21315,1.6918726913015347
21316,1.2622751325370047
21317,2.259751166655592
21318,21330.916556143726
21319,0.4540560339109272
21320,2.2297154371668775
21321,758.6811871575072
21322,4.416413224918495
21323,3343.9552514286606
21324,0.0058930163023513315
21325,0.0013716168947145427
21326,3.09108895541221
21327,19481.623533480128
21328,0.41082925775165224
21329,0.5795634788720359
21330,1.3570925907831364
21331,0.65668053749046
21332,498.93944243411795
21333,0.0009170655606312411
21334,80.79301587301588
21335,0.051297152935248176
21336,51.4118151675485
21337,822.2761904761904
21338,1957324.5092063493
21339,1480827145.696508
21340,2590.573254868255
21341,0.002669724177616383
21342,924.3053968253968
21343,0.5868605694129504
21344,0.7938754065917741
21345,666.5406405804498
21346,0.002359056625509377
21347,5.93534658077638
21348,0.01944684528954192
21349,1954680.2642680777
21350,-5.895443816591819
21351,5.971802527083343
21352,7295889880.928152
21353,2.1993946723234252
21354,5.555695553453329
21355,49.78503745159745
21356,129.7731222408271
21357,4.153160836161521
21358,0.058260604416080136
21359,0.02650806265935042
21360,-165.51495441882406
21361,295.28807665965115
21362,2.3607365065913526
21363,300.13969421021187
21364,0.11775395236904031
21365,6.991157533042299
21366,7295889880.928152
21367,0.29157262833419273
21368,48.87628365181408
21369,1191.170766443312
21370,34.514396584725716
21371,546.3639148084912
21372,3.062281247936094
21373,3.4607532538966836
21374,3.7521310482934878
21375,-0.03703607083881511
21376,1.131644152719584
21377,1.9699719608120771
21378,2.465006170409208
21379,1.1316441527195813
21380,0.09868940021872938
21381,4.213063083761162
21382,0.6136055384974262
21383,0.5817832217109422
21384,0.6136055384974262
21385,0.5817832217109422
21386,0.9990057532369678
21387,0.9820524671275146
21388,-0.036199214652275456
21389,0.378825169878848
21390,0.47866566722453674
21391,0.15658658599975764
21392,69.02879316945143
21393,2.6382319934310914
21394,1.803221075547544
21395,3.4607532538966854
21396,13967.241364320074
21397,0.249563800266483
21398,2.7595027956644627
21399,1193.9037707757025
21400,3.3600962149965747
21401,4005.554445041581
21402,0.0028496398397258147
21403,0.0008650488865633785
21404,3.6442328982475356
21405,31278.314927517342
21406,0.5496574984100631
21407,0.6888086848328854
21408,1.0236275300403521
21409,0.7644118880632835
21410,913.2156965637951
21411,0.0006668509736392135
21412,579.2687215965225
21413,0.11445736447273709
21414,17.443144867549698
21415,1214.66330764671
21416,346570.5915826912
21417,412623239.4821181
21418,291.3388483983017
21419,0.001081244824509843
21420,1659.8235526575775
21421,0.32796355515858083
21422,0.5925583748206061
21423,726.7232343146889
21424,0.0007314651197876333
21425,6.069521306114333
21426,0.062489196197061364
21427,346314.50305498374
21428,-2.1540333115474875
21429,2.173158015526054
21430,7293559594.849165
21431,1.4458228757724256
21432,1.6848655510801445
21433,192.90469059823496
21434,169.06346212931612
21435,1.8734313000667526
21436,0.0413824649764806
21437,0.01539284775636268
21438,-172.12761371140925
21439,341.1910758407254
21440,0.7490975466141975
21441,300.0917585081251
21442,-0.1922067792467481
21443,5.498393674938849
21444,7293559594.849165
21445,0.4426174113617839
21446,30.23233300460754
21447,1261.141454368116
21448,35.51236922302617
21449,1020.5917420474102
21450,0.5328875305151939
21451,2.4205570333494304
21452,2.36822330781124
21453,0.006005890283198048
21454,0.640732032729774
21455,1.278320904431972
21456,1.9345020142974254
21457,0.6407320327297737
21458,0.22278320768811335
21459,2.668397469266041
21460,0.7410202816521211
21461,0.7357254342712155
21462,0.7410202816521211
21463,0.7357254342712155
21464,0.9995434417855662
21465,0.9911241451682123
21466,-0.10050157121723965
21467,0.46103880073158804
21468,0.4623289197342811
21469,0.2688707966178028
21470,71.02473844605237
21471,1.9388259170631286
21472,1.1971950852901678
21473,2.4205570333494304
21474,18674.980875706522
21475,0.40651975780392396
21476,2.2407951028851367
21477,1263.1043666379044
21478,4.924318767652532
21479,6215.535614877774
21480,0.0039413482126101655
21481,0.0008289357307022893
21482,3.3582493310060313
21483,18882.904850292278
21484,0.4052420032134857
21485,0.5662294490297949
21486,1.610543218838405
21487,0.6504651418219403
21488,822.3283502278208
21489,0.0005514683729363122
21490,341.7163120567376
21491,0.13463999687026698
21492,29.84369902152375
21493,1302.1796690307328
21494,1134621.427107959
21495,1431018234.0689518
21496,900.3297554082079
21497,0.0014024959339757992
21498,1043.0669818754925
21499,0.4109798982960963
21500,0.6655379349058715
21501,874.1368773724131
21502,0.001132287591094506
21503,5.57219407419642
21504,0.03133720212371898
21505,1133603.1181542526
21506,-21.65728050944496
21507,18.32663641335883
21508,7231881600.249951
21509,3.818462977209678
21510,18.22176468592034
21511,8.448936457312113
21512,188.9449555500551
21513,13.0040411020201
21514,-1.7603431764964843
21515,-2.2599640198384408
21516,-149.2935158367775
21517,338.2384713868326
21518,7.813845358868419
21519,298.820201429625
21520,0.5373305057882384
21521,18.61773026554361
21522,7231881600.249951
21523,0.09478491847118299
21524,346.6198802405385
21525,907.630692240815
21526,30.050219358873896
21527,8852.277039613966
21528,84.34215731277072
21529,34.134522812321315
21530,15.67599768908969
21531,0.3644147859398169
21532,2.6132474562035393
21533,2.9386626200236834
21534,8.401740922922194
21535,2.613247456203532
21536,0.013350287776765168
21537,7.193050123965694
21538,0.436284323027916
21539,0.36457550121619986
21540,0.436284323027916
21541,0.36457550121619986
21542,0.9967217584518069
21543,0.9645283210311735
21544,-0.08097837955164239
21545,0.5654055709953971
21546,0.3507544044451902
21547,0.036331048783335734
21548,60.100438717747835
21549,4.478814300914829
21550,12.45263012535276
21551,34.13452281232134
21552,6091.638761030579
21553,0.08889557946534306
21554,15.404106408072503
21555,926.1898978623417
21556,1.7254519590921922
21557,1581.923023118987
21558,0.0020103051126867722
21559,0.0011856824444951603
21560,4.602879631684023
21561,51741.96573596519
21562,0.7495246720485371
21563,0.8452686466515336
21564,0.29343549782959194
21565,0.8869206850008923
21566,823.6624970735877
21567,0.0010568927596151041
21568,636.2685922219695
21569,0.04823505361397692
21570,39.26938804970258
21571,982.4125540141006
21572,18500.48305662952
21573,16634809.205518914
21574,20.65883357901731
21575,0.0013521599518276056
21576,4408.71328936396
21577,0.3342213091777697
21578,0.5986796414689437
21579,599.3799093492454
21580,0.000872556347263493
21581,7.035356702559071
21582,0.16287195950117297
21583,18462.786007355837
21584,-1.975013975732661
21585,2.1446305199175573
21586,7298939125.895645
21587,1.4765215476071885
21588,1.662981501275317
21589,126.35184206747932
21590,147.1489106005049
21591,2.1322186994853976
21592,0.11530426851639598
21593,0.029432870021644374
21594,-180.25567660194275
21595,327.40458720244766
21596,0.7320490736549184
21597,300.20240786559793
21598,-1.3694806812639686
21599,7.231170867753671
21600,7298939125.895645
21601,0.44336151887279723
21602,52.289832118649386
21603,1408.0211422558807
21604,37.523689666692206
21605,2396.9319133911904
21606,-11.693359692073354
21607,4.166070055377785
21608,4.19068266005955
21609,-0.011612762781819087
21610,0.7068235190899967
21611,1.3082773169305277
21612,3.6636075549943268
21613,0.7068235190899969
21614,0.2256820237448698
21615,2.6957894624750303
21616,0.7458040762708407
21617,0.7410135123258987
21618,0.7458040762708407
21619,0.7410135123258987
21620,0.9991670328433825
21621,0.9901798770759169
21622,-0.12182926607127298
21623,0.5157128425539008
21624,0.4494373410314376
21625,0.2701558007353379
21626,75.04737933338436
21627,1.9815414837090828
21628,2.0891881788593345
21629,4.166070055377785
21630,18399.23406584309
21631,0.4057293640966672
21632,3.8648885627801564
21633,1412.3511077463295
21634,5.056700061029771
21635,7125.892111764538
21636,0.003627917880939612
21637,0.0007451415382479764
21638,3.446644969364246
21639,18318.193059211368
21640,0.3984107439263325
21641,0.558815428305489
21642,1.6696137610580293
21643,0.6445822273923345
21644,911.943237745001
21645,0.0004924305329028993
21646,232.4328026656794
21647,0.08605435122757474
21648,51.349739102758015
21649,1477.006293965198
21650,1066538.904109589
21651,1501441195.2976675
21652,758.1479066503724
21653,0.0012583863069832702
21654,1260.3054424287302
21655,0.4666069760935691
21656,0.7104051211935518
21657,1056.3210405196317
21658,0.0010449221693466491
21659,6.010668086567952
21660,0.03334979627114459
21661,1065639.7924500655
21662,-20.430097355501093
21663,14.511782656234306
21664,7190992187.889748
21665,3.642460044563501
21666,15.141636781045724
21667,15.065763717939447
21668,240.44510853175274
21669,11.550696893918468
21670,-2.5508283075763174
21671,-2.2845201335638157
21672,-189.087291378883
21673,429.5323999106357
21674,6.562628074822759
21675,297.97423192756645
21676,0.3743578719804724
21677,17.68143524474785
21678,7190992187.889748
21679,0.11170518842169246
21680,312.63315231421143
21681,1442.3744065961469
21682,37.92078762870084
21683,11369.04150576121
21684,-12.359172866434452
21685,30.867827920606793
21686,13.315277703544348
21687,0.3886231164161904
21688,2.185093867374648
21689,2.716817630019302
21690,8.294689879066802
21691,2.185093867374638
21692,0.019269476540011755
21693,6.7750830530481005
21694,0.4795784536798345
21695,0.4167234017171954
21696,0.4795784536798345
21697,0.4167234017171954
21698,0.9983406032753174
21699,0.9763967822780062
21700,-0.10229288853185808
21701,0.6567103041446583
21702,0.3894768719983742
21703,0.05483198935330274
21704,75.84157525740159
21705,4.338640555839131
21706,11.045776406037795
21707,30.867827920606846
21708,6755.193071433747
21709,0.10202555262692038
21710,14.42032627247065
21711,1457.6087752143221
21712,1.915787047962037
21713,2783.4981209580483
21714,0.0013790570753168736
21715,0.0007387477803392523
21716,4.560573782747184
21717,47334.15336758461
21718,0.7100731514465004
21719,0.8162764633810444
21720,0.3788242707055881
21721,0.8660612888247528
21722,1263.8472805612403
21723,0.0006447124878421936
21724,534.7461135130163
21725,0.04919014934348416
21726,46.50702207685735
21727,1507.4820163738386
21728,35149.67381105694
21729,51180204.623309724
21730,24.186574368859418
21731,0.0008985318129728716
21732,3651.911599668844
21733,0.3359315242083381
21734,0.6005366971386381
21735,916.8551433425006
21736,0.0006063336155806547
21737,7.0889575263570475
21738,0.13422644770959377
21739,35094.16987189758
21740,-11.961002780713033
21741,8.265514906767493
21742,7253089820.872593
21743,2.8745978532798917
21744,6.164585921866905
21745,49.606744064914714
21746,335.8812299573314
21747,7.145173506817303
21748,-1.0830172665346736
21749,-0.6357306198276707
21750,-187.23796799300956
21751,523.119197950341
21752,2.9776686889052635
21753,299.2580408198585
21754,1.9012656007517814
21755,14.283291947631024
21756,7253089820.872593
21757,0.22172432056498753
21758,204.01242886126127
21759,1467.7850858438906
21760,38.23728602503994
21761,31732.603947294127
21762,234.18775154847674
21763,26.367332037915308
21764,3.5872396937992086
21765,0.7589854109222046
21766,0.8045921889861738
21767,1.6967945693264008
21768,2.927975030994779
21769,0.8045921889861736
21770,0.10707738820265195
21771,4.73757294776226
21772,0.7324506410129861
21773,0.7143151339056848
21774,0.7324506410129861
21775,0.7143151339056848
21776,0.9996912968624204
21777,0.9926918954073669
21778,-0.31768051274499765
21779,0.9086140271268941
21780,0.3599807393831195
21781,0.24833378277804255
21782,76.4745720500798
21783,3.663450646309591
21784,7.488642932928625
21785,26.367332037915272
21786,9531.207569304448
21787,0.1688112626285669
21788,11.596489827918107
21789,1475.030427845754
21790,3.671764852131337
21791,5399.216083395939
21792,0.0025572295311677663
21793,0.000732542340391038
21794,4.396721964341997
21795,33647.73938311014
21796,0.5857465737808005
21797,0.6891021683588666
21798,1.3554904337098064
21799,0.7881608441950175
21800,1163.6078049534963
21801,0.000587550235663296
21802,442.0368621277712
21803,0.05798725726456398
21804,53.85433785562583
21805,1522.7557392102847
21806,168047.78223796404
21807,247376785.77357996
21808,114.23087277719819
21809,0.0009865974643701748
21810,2307.0464384100746
21811,0.3026428490633707
21812,0.5689559157139928
21813,890.4140690385933
21814,0.0006715905938759756
21815,7.144586410546512
21816,0.09412273120138288
21817,167934.9038084565
21818,548.718950757292
21819,1018.3266226379396
21820,100747569150.40292
21821,7.181573308182637
21822,240.60115256516644
21823,3.4370013981786145
21824,1768.6475863922112
21825,143.10267910063936
21826,800.559132542219
21827,818.9775445586288
21828,-65.59069598690076
21829,1834.238282379112
21830,99.83596884611494
21831,1115.3253893678077
21832,-0.35971234910966304
21833,180.88758925468096
21834,100747569150.40292
21835,0.008117666789884612
21836,32720.31994637017
21837,32509.19275576966
21838,177.232246726935
21839,72569993.87625098
21840,-138225.27337539964
21841,4566.462534082721
21842,175.53040584531996
21843,0.9256782652547139
21844,9.54666684308383
21845,4.718945774047324
21846,82.24532685782118
21847,9.546666843083873
21848,0.00024874149230381633
21849,12.583241159610813
21850,0.20538289897636894
21851,0.12358016933166394
21852,0.20538289897636894
21853,0.12358016933166394
21854,0.9987129610493755
21855,0.9752671243877756
21856,-0.22934224076711127
21857,0.9787739489898717
21858,0.12883148370011768
21859,0.0009412635131228743
21860,354.46449345386986
21861,8.077714052497555
21862,1185.4982349820161
21863,4566.462534082737
21864,630.6886307880943
21865,0.008081515368778387
21866,1313.7500586200147
21867,31737.357532050613
21868,1.1222285458675925
21869,35822.13541812125
21870,6.388668809000649e-05
21871,5.945160250424255e-05
21872,7.409815887429884
21873,72858.2711196239
21874,0.9334564354255499
21875,0.9635795492320984
21876,0.044876795086150736
21877,0.9737649044501953
21878,30860.936444301853
21879,5.8499130575284394e-05
21880,392.747771801013
21881,0.00771031002004423
21882,1394.2588437912882
21883,30875.88637166752
21884,6.1409164081824965
21885,196209.4185676705
21886,0.00027087967449075385
21887,7.177805997389849e-05
21888,29123.28328556284
21889,0.5717398265648993
21890,0.7844047343639868
21891,23877.130278587993
21892,6.358485470694782e-05
21893,8.555207550196952
21894,0.6289418446721817
21895,3.6129050563511447
21896,4.0
21897,80990.0
21898,80990.0
21899,31941.11212032724
21900,0.39438340684439116
21901,0.2834142551274086
21902,3.528404030172904
21903,107.09341716464182
21904,97.16480844420988
21905,83.93449827097318
21906,106.6770828247567
21907,76.64560321096788
21908,62.65607990444285
21909,39.83258705465425
21910,0.8174778105924914
21911,0.519698265600632
21912,281.42642315057066
21913,549.9962516754979
21914,44648074925.8222
21915,6.2499741887743605
21916,141.6632062549067
21917,2.6866106897410855
21918,763.9667194563468
21919,82.01390315847422
21920,435.6745048358178
21921,455.55411417222683
21922,-6.326964554708639
21923,770.2936840110555
21924,59.59679180730938
21925,742.4815557789715
21926,-0.5689532118409367
21927,100.30894081055925
21928,44648074925.8222
21929,0.015335159796578948
21930,10061.88360653628
21931,8700.700351545605
21932,91.58082339636427
21933,5480357.665777436
21934,-34324.31553514903
21935,1365.6693375424252
21936,111.32276433137261
21937,0.8489017979543582
21938,7.53836912603772
21939,4.391171136079613
21940,53.558998359743896
21941,7.538369126037729
21942,0.0006110684993227774
21943,11.338690697770893
21944,0.2337573528569058
21945,0.14676991437335807
21946,0.2337573528569058
21947,0.14676991437335807
21948,0.9955019658473012
21949,0.9554234858053445
21950,-0.16567654315664615
21951,0.9290067710582615
21952,0.15129108110095008
21953,0.002163832572112892
21954,183.16164679272862
21955,7.132814020146161
21956,369.248025468449
21957,1365.6693375424206
21958,1172.266654729558
21959,0.015172312898023267
21960,403.7675530740343
21961,8385.75531756585
21962,1.1560347991415048
21963,9870.898197486675
21964,0.00019442764983248332
21965,0.00017414678722499396
21966,6.529996549022873
21967,70756.28664066037
21968,0.9155951839952569
21969,0.9539572786763798
21970,0.056580733821970604
21971,0.9664156643597557
21972,8068.798273143547
21973,0.00016973265715588233
21974,615.9925078510543
21975,0.013817687479835224
21976,416.0703231335544
21977,7781.806505159264
21978,12.773530731269627
21979,130747.90495737999
21980,0.0015525887478064877
21981,0.00020254437765328167
21982,22964.720861372814
21983,0.5151350574556486
21984,0.7459128146631617
21985,5620.534702650505
21986,0.00016463914786946546
21987,7.873912121978731
21988,0.5504383257192246
21989,9.473008444701266
21990,-55.93592376708984
21991,17.89074592590332
21992,6566248936.806916
21993,4.634834146391228
21994,37.00038135051727
21995,4.552101347247203
21996,163.48886108398438
21997,23.596171922367684
21998,-16.964252773825052
21999,-14.19625997543335
22000,-200.19674682617188
22001,363.68560791015625
22002,15.521788208212227
22003,284.7363884804521
22004,-0.48831350572661236
22005,31.073730336277848
22006,6566248936.806916
22007,0.05025460988302843
22008,965.5767170117142
22009,1473.3174989239415
22010,38.0755658661891
22011,64640.187362854245
22012,-750.6304573826192
22013,119.48468803257873
22014,25.215936181912358
22015,0.6503829129614673
22016,3.569300830168844
22017,3.371631092565938
22018,12.2388423035414
22019,3.569300830168844
22020,0.004184884764910825
22021,8.669090694879198
22022,0.3577940052665317
22023,0.27189176946559296
22024,0.3577940052665317
22025,0.27189176946559296
22026,0.9955281075273762
22027,0.9557986224129205
22028,-0.10873009877218143
22029,0.7782395830671096
22030,0.27649924394286807
22031,0.010726906390335874
22032,76.1511317323782
22033,5.442153491884971
22034,36.17515605362277
22035,119.48468803257873
22036,3591.353619770306
22037,0.04901450333263343
22038,40.242978928420825
22039,1488.7373870252102
22040,1.363124926752279
22041,2038.7519417962487
22042,0.0010628582466141094
22043,0.0008032199428882292
22044,5.155470238447226
22045,61192.0075165329
22046,0.8342240095299471
22047,0.9045485197602742
22048,0.13711577309453452
22049,0.9303469981546026
22050,1383.8511504753894
22051,0.0007527872655345221
22052,858.7034844384303
22053,0.03631188618227463
22054,64.35145560080464
22055,1490.4868910690122
22056,1301.934709066306
22057,2135567.3591001355
22058,0.799058138133021
22059,0.0009252480127688483
22060,9014.390646143436
22061,0.3811904028308287
22062,0.6412525470644631
22063,970.3781483046057
22064,0.0006209491871733754
22065,7.191861047702011
22066,0.2919866650203729
22067,1290.2053585580736
22068,-114.6375
22069,2.877823734283492
22070,5114779319.035737
22071,5.250119824452785
22072,62.06160926818848
22073,3.3359536165874975
22074,119.7701416015625
22075,37.006955536700396
22076,-53.05830054325938
22077,-49.72978973388672
22078,-305.3797607421875
22079,425.14990234375
22080,25.74789296125031
22081,251.30304491922496
22082,-0.3570671231231649
22083,46.61563530716684
22084,5114779319.035737
22085,0.030952187082434822
22086,2173.0174550907795
22087,2709.289686292248
22088,51.298825272182796
22089,356642.7841461583
22090,-2191.6973966789483
22091,326.14132901132746
22092,15.280876364789727
22093,0.9105353616666747
22094,2.9232728338982525
22095,3.0793579341289536
22096,6.486102834323102
22097,2.92327283389825
22098,0.0026322705207024164
22099,9.131438169053755
22100,0.3877342751582268
22101,0.30411393266516196
22102,0.3877342751582268
22103,0.30411393266516196
22104,0.9979518626667891
22105,0.9679177000844268
22106,-0.2558927910893496
22107,0.9612064886135728
22108,0.30442015099700803
22109,0.006550470105269431
22110,102.59765054436555
22111,6.200286038313597
22112,85.35555134402938
22113,326.14132901132785
22114,2232.1051920364243
22115,0.030731662845750275
22116,88.14006016098254
22117,2783.099263061098
22118,1.4407439690429815
22119,4004.859570943707
22120,0.0006310071515668885
22121,0.0004479269822842202
22122,5.769715731947917
22123,60938.78140317624
22124,0.8382209448946185
22125,0.8967156439066548
22126,0.1934334941420942
22127,0.9315286090654665
22128,2596.9265974602126
22129,0.00041813707095019533
22130,592.073892572307
22131,0.028445944680133905
22132,103.05878846291634
22133,2898.599596425483
22134,800.4577688094552
22135,2456176.4158258867
22136,0.2700986493388993
22137,0.00048436161965792924
22138,7272.497165369463
22139,0.3494041109526983
22140,0.6118452898278014
22141,1812.8828742845892
22142,0.000307120286480924
22143,7.622376873130634
22144,0.2569946907025559
22145,785.3168685873438
22146,-131.10568084716797
22147,-16.68254432678222
22148,4352659037.021951
22149,5.221837939371943
22150,60.35928726196289
22151,3.4467054032742226
22152,92.01214599609375
22153,36.02342876595171
22154,-72.70797435236682
22155,-69.98575592041016
22156,-273.17108154296875
22157,365.1832275390625
22158,24.967885811130884
22159,231.8257239394685
22160,-0.3384913106684826
22161,45.62347375040965
22162,4352659037.021951
22163,0.031660097880285974
22164,2081.5013570543183
22165,1692.097909818334
22166,40.19970003104497
22167,344806.8083210615
22168,-1914.8884689902009
22169,312.3753897445305
22170,8.1055743039689
22171,0.9493675402338497
22172,2.184792563068031
22173,2.6640987671093805
22174,3.184394944764965
22175,2.18479256306803
22176,0.003508405751290747
22177,8.661164290081992
22178,0.4383716847621441
22179,0.36134959384449095
22180,0.4383716847621441
22181,0.36134959384449095
22182,0.9985274989505488
22183,0.9718658134450726
22184,-0.33211004097248814
22185,0.9819905340434069
22186,0.3563559702728931
22187,0.00819370758037164
22188,80.39940006208991
22189,6.172384569751362
22190,80.12024101212478
22191,312.3753897445302
22192,2219.1075860887745
22193,0.03139861608766249
22194,84.80507372011745
22195,1773.9634857797903
22196,1.6191340511301688
22197,2815.1077283852574
22198,0.0014992146392608827
22199,0.0009278014100112173
22200,5.818206980819569
22201,57850.455740688456
22202,0.8173392978307585
22203,0.8725132257543665
22204,0.29838140146494235
22205,0.9209361444876054
22206,1643.055326120661
22207,0.0008372923467422569
22208,383.7644410530332
22209,0.029283818470281053
22210,101.8362819022228
22211,1977.4763830599009
22212,2700.5181228538727
22213,4315512.754826402
22214,1.8018897566950909
22215,0.0008472265428815203
22216,3404.512094620374
22217,0.2597872639923979
22218,0.5197390824429435
22219,1048.8090904936716
22220,0.0003620209483138388
22221,8.029218129130733
22222,0.1618101000123472
22223,2662.324685380211
22224,-3.96628642860112
22225,4.003227971995037
22226,7299349270.746699
22227,1.8956439995382877
22228,3.1915043484388654
22229,117.2784400180513
22230,286.5199348367079
22231,3.643175951239335
22232,0.010859838773220101
22233,0.0006889297110827669
22234,-211.66978363551328
22235,498.18971847222116
22236,1.4118338088576872
22237,300.2108422928546
22238,0.7024798230683145
22239,10.955994203411242
22240,7299349270.746699
22241,0.36878608727065537
22242,120.03380898518074
22243,1891.83961762233
22244,43.501241269727004
22245,8346.811122540785
22246,7.1970000835592804
22247,7.6559620332036715
22248,9.729472956894277
22249,-0.11113001405876055
22250,1.13005010726252
22251,1.7900129962727718
22252,8.436139132153297
22253,1.1300501072625198
22254,0.15630699060098507
22255,3.5577746000537602
22256,0.654113701819805
22257,0.6354955480001513
22258,0.654113701819805
22259,0.6354955480001513
22260,0.9991429496123807
22261,0.989562645215952
22262,-0.08129993171501074
22263,0.5085118063174425
22264,0.5029413733560337
22265,0.21843271959707605
22266,87.00248253945404
22267,2.2846419974904983
22268,4.34635874752449
22269,7.655962033203675
22270,17271.015408894746
22271,0.3199676149091283
22272,7.2547969104889
22273,1899.7043270358988
22274,3.1764238594061727
22275,6018.918828381202
22276,0.0017105746646994184
22277,0.0005597841970291739
22278,3.4510136745658198
22279,27986.006709474786
22280,0.5160769482280977
22281,0.6653252538300076
22282,0.8828600301604111
22283,0.7431137698625669
22284,1413.5064069163577
22285,0.0004239243544681699
22286,1288.5175650308395
22287,0.17276985318193072
22288,46.0658742142734
22289,1937.207830517565
22290,317594.3167068919
22291,601029300.2448378
22292,167.91132404746412
22293,0.0007475483433491177
22294,3823.8892464467685
22295,0.5127231491615404
22296,0.7441461528652744
22297,1449.635888154524
22298,0.0006087197501641515
22299,4.978171572835415
22300,0.0920854426472404
22301,317476.3884063799
22302,-24.895261354976356
22303,24.974658059024733
22304,7334953142.026261
22305,4.117663388241618
22306,24.30113301797921
22307,8.296432764745225
22308,194.77788625883173
22309,16.12054309199456
22310,0.11499565630952782
22311,0.03715127424194076
22312,-259.12252065502247
22313,453.9004069138542
22314,10.232803446229198
22315,300.9421174731474
22316,0.016916626685515506
22317,22.296803614755493
22318,7334953142.026261
22319,0.07385019569151055
22320,497.1474514349736
22321,2756.7216638119244
22322,52.520829041131385
22323,9546.149572078328
22324,10.627994574007044
22325,34.036613729507025
22326,40.90481421128834
22327,-0.09019411007382877
22328,4.62994577983567
22329,3.7146026893447788
22330,19.381189349487233
22331,4.629945779835667
22332,0.006174867821390375
22333,8.096224177589608
22334,0.30240087629043044
22335,0.21087556543094083
22336,0.30240087629043044
22337,0.21087556543094083
22338,0.9952375363950013
22339,0.9534197210817449
22340,-0.015426643554700581
22341,0.341429023065419
22342,0.21800019036558685
22343,0.01498650068901853
22344,105.04165808226279
22345,4.506840983424663
22346,18.73535698519885
22347,34.036613729506996
22348,5308.2044476710935
22349,0.0712369481630528
22350,21.067721784972452
22351,2779.982318655524
22352,1.303243699202583
22353,3618.223036069655
22354,0.0005099042801268714
22355,0.0003989788340337925
22356,4.573465543388517
22357,64177.83894131084
22358,0.8591774557019937
22359,0.9199464321331218
22360,0.11381315969838693
22361,0.9413047411127476
22362,2617.6702678303163
22363,0.0003775001821768224
22364,1355.7161830518262
22365,0.04892869146282035
22366,40.159918337210414
22367,2802.3968168038114
22368,2207.0076512198643
22369,6076728.471741013
22370,0.8023773239928522
22371,0.00045329838549227827
22372,12076.718348491411
22373,0.43585673265812797
22374,0.6865492535527131
22375,1931.763653866764
22376,0.0003365497265517442
22377,6.499334765447131
22378,0.3421163106556365
22379,2198.4638243367817
22380,-6.876440200563097
22381,7.282070321158293
22382,7311150778.148328
22383,2.456049604868487
22384,4.77408675702948
22385,93.86008986677574
22386,261.6368346235984
22387,5.17926349456981
22388,0.2206440073840282
22389,0.0761447262120433
22390,-262.46317071782477
22391,524.1000053414232
22392,2.225850293301111
22393,300.45343306743763
22394,0.2154600612219606
22395,11.824988532798677
22396,7311150778.148328
22397,0.2700804245206037
22398,139.8303538008202
22399,2867.004766021437
22400,53.54573100359033
22401,10893.42493137041
22402,12.130711708044467
22403,9.777945275978794
22404,10.340132340620004
22405,-0.032177738520698676
22406,1.4283861431702938
22407,2.1711809034163934
22408,8.190141301593364
22409,1.428386143170291
22410,0.09887931986146684
22411,4.563883930395097
22412,0.6028128131050928
22413,0.5691093279129082
22414,0.6028128131050928
22415,0.5691093279129082
22416,0.9991612506524972
22417,0.9872763332841183
22418,-0.10538992002676717
22419,0.6076338637010386
22420,0.45218204039283844
22421,0.17686633191235837
22422,107.09146200718072
22423,2.8659022199800837
22424,5.029519404149694
22425,9.777945275978798
22426,13629.767068000343
22427,0.22654599131960249
22428,7.549197145003398
22429,2875.4904022659034
22430,2.4870270826286864
22431,7135.832251401849
22432,0.0008897662670521819
22433,0.0003703799341931211
22434,3.7182601007089318
22435,37124.600244673704
22436,0.6133720748844537
22437,0.7413346377045598
22438,0.622823911392286
22439,0.8095351315897313
22440,2329.757796331208
22441,0.00030384417667596753
22442,1282.7634773295251
22443,0.11449156348889014
22444,34.07845606729172
22445,2913.4487682970366
22446,146376.4667975723
22447,419233781.83247054
22448,51.12566591649072
22449,0.0004604621820915777
22450,4498.659407354517
22451,0.4015226175789465
22452,0.6572492650217888
22453,1923.9293668428222
22454,0.0003404289604441945
22455,5.608388394190424
22456,0.13833806642795407
22457,146324.21315170755
22458,-63.808819028254405
22459,46.23658709005774
22460,7115294757.452061
22461,5.248394437432916
22462,51.383880386273866
22463,8.706441049005436
22464,383.2539605397731
22465,35.30551850750022
22466,-7.745849672601278
22467,-6.038082549143498
22468,-642.587533158714
22469,1025.841493698487
22470,21.91944997138565
22471,296.4017397477581
22472,-0.5400944983109487
22473,49.41156688375677
22474,7115294757.452061
22475,0.03434878640437379
22476,2441.5029419079688
22477,16370.967992194152
22478,127.89880859547463
22479,376287.7107227389
22480,-1705.1832798050332
22481,202.74646095518912
22482,151.29853022091243
22483,0.13747819490162153
22484,8.574897174155733
22485,4.521249871515385
22486,73.17051996462929
22487,8.574897174155748
22488,0.0015777540767445781
22489,10.139456029597739
22490,0.21963674902761088
22491,0.13482868905361456
22492,0.21963674902761088
22493,0.13482868905361456
22494,0.9965340298963333
22495,0.9615167758184361
22496,-0.045989509591025074
22497,0.5303477042783152
22498,0.13950273256684587
22499,0.0043504471798173315
22500,255.7976171909492
22501,5.745503785177098
22502,88.51124779402548
22503,202.74646095518966
22504,2599.9402915585774
22505,0.03367422328379946
22506,100.50435595320064
22507,16467.855821346267
22508,1.1607456500459714
22509,19118.642564084574
22510,8.539592929789164e-05
22511,7.554774459234109e-05
22512,5.5427037262637855
22513,70652.90575891304
22514,0.9142639984044325
22515,0.9532439902362115
22516,0.05807909931406956
22517,0.9656334680893093
22518,15901.439540190117
22519,7.343984180845843e-05
22520,1178.4386132315522
22521,0.02677296013339586
22522,139.89136834100492
22523,16460.168643220648
22524,11.459105779716467
22525,189478.28784987278
22526,0.00072154942178071
22527,8.617792787150116e-05
22528,21975.821110505272
22529,0.4992689274469573
22530,0.7345686492304173
22531,12087.715942489202
22532,6.975484579655262e-05
22533,7.110967426151207
22534,0.5434745030250648
22535,8.073458960216179
22536,-6.286861068219956
22537,6.4910980369326765
22538,7318047092.089379
22539,2.4057136835200987
22540,4.959558643981087
22541,81.45260886924781
22542,231.0393302741168
22543,5.563872128993309
22544,0.2205237499663889
22545,0.03313691128476512
22546,-290.97858383984425
22547,522.0179141139611
22548,2.2083888597499595
22549,300.59510247617646
22550,-0.2308104247720393
22551,15.001758295576574
22552,7318047092.089379
22553,0.28252135624828323
22554,225.05275195890053
22555,3544.435728120572
22556,59.53635564699487
22557,27222.09760104297
22558,-12.95368295173498
22559,16.302677586970198
22560,16.87042356508894
22561,-0.02884657713787106
22562,1.491443421061939
22563,2.1127308425161395
22564,14.536862669474054
22565,1.491443421061938
22566,0.10427846373496157
22567,4.464134718799369
22568,0.6122211696820312
22569,0.581671554980133
22570,0.6122211696820312
22571,0.581671554980133
22572,0.9986881658544152
22573,0.9870745050510438
22574,-0.1088681396208813
22575,0.6128595429800219
22576,0.46441358710904346
22577,0.18111274370302285
22578,119.07271129398956
22579,2.8555125872345357
22580,8.293275288014785
22581,16.30267758697024
22582,14069.336654215369
22583,0.2380536868967201
22584,12.356780346534329
22585,3559.318730776074
22586,2.5954567552120804
22587,9210.397108088397
22588,0.0007568362163528868
22589,0.00030610229486219764
22590,3.734743522189789
22591,35396.81205292453
22592,0.5950754051403642
22593,0.7281136322622923
22594,0.6636013005403952
22595,0.7978265371928794
22596,2843.2059339705334
22597,0.00024897039461863177
22598,1063.1863278886872
22599,0.10719765354796201
22600,64.21513296508685
22601,3639.4665255091754
22602,174360.93587416818
22603,617482914.9681387
22604,49.249014511001285
22605,0.000419736777469473
22606,4143.344625932647
22607,0.4177600953753426
22608,0.6717583388955168
22609,2470.6460437865567
22610,0.0003257597189446091
22611,5.875727976617202
22612,0.1224595629090011
22613,174294.25295708736
22614,-53.00816883014757
22615,42.432572132419644
22616,7219424877.119454
22617,5.062455195804018
22618,44.08860635554427
22619,7.430164948984661
22620,375.73609996381185
22621,30.890106342140477
22622,-4.654136772713995
22623,-4.417460462493221
22624,-493.0060105539419
22625,868.7421105177538
22626,18.789462152365747
22627,298.5627355996888
22628,0.09644168917744435
22629,43.7095889170663
22630,7219424877.119454
22631,0.039741162430882764
22632,1910.528163298925
22633,9712.182413296754
22634,98.47344584029263
22635,215419.0438273563
22636,-39.72193165768531
22637,170.60613299636955
22638,109.96059553376065
22639,0.20756057878667905
22640,7.224947667774193
22641,4.296899075724233
22642,55.29954780716676
22643,7.2249476677741775
22644,0.00208237655288298
22645,9.790101670419583
22646,0.2426128210462162
22647,0.15494868515330776
22648,0.2426128210462162
22649,0.15494868515330776
22650,0.99653303944305
22651,0.9618525941095232
22652,-0.04547570666134196
22653,0.5317777577815267
22654,0.16012951816004478
22655,0.0059127960298479025
22656,196.94689168058534
22657,5.623627094434749
22658,70.14168213253247
22659,170.60613299636915
22660,2974.31481948786
22661,0.03883792474677939
22662,79.03826224840788
22663,9795.792247034637
22664,1.1899954841965614
22665,11645.249697886098
22666,0.00013859678770753548
22667,0.00011880744054437866
22668,5.397924963230393
22669,69032.81376467306
22670,0.9005304448080411
22671,0.9454946954514802
22672,0.06886795649366219
22673,0.9598342710778177
22674,9404.751878064626
22675,0.00011461994064929098
22676,1184.8418843166335
22677,0.029784115138298022
22678,115.28193066536282
22679,9847.7211734245
22680,19.602121615846762
22681,192020.2488373847
22682,0.0020414091331550977
22683,0.0001320955076651398
22684,18564.7662200548
22685,0.46667419672845833
22686,0.7104555455152988
22687,7019.574280285166
22688,0.00010160125608393389
22689,7.1205690050763435
22690,0.4911840968020743
22691,15.457246920643824
22692,-25.877338067172403
22693,9.919142592942745
22694,7097423919.922904
22695,3.6014949148021413
22696,12.023170793086184
22697,49.087679338151816
22698,448.6413710019057
22699,13.103338875524909
22700,-5.113947279849483
22701,-2.1354848986325328
22702,-385.64657189429425
22703,834.2879428962
22704,5.796086676068869
22705,296.02928311290356
22706,1.2288362560147421
22707,25.99139033349721
22708,7097423919.922904
22709,0.13849312833692926
22710,675.5523714682123
22711,6014.539937131329
22712,77.4388404092611
22713,372190.0223433644
22714,901.3153870993237
22715,84.86306217077963
22716,13.799385995923803
22717,0.7185814075635837
22718,1.6729544675770924
22719,2.4251941930661154
22720,10.956192418479302
22721,1.6729544675770849
22722,0.0428611144064055
22723,6.294385222336319
22724,0.5909636531083513
22725,0.5501779502575728
22726,0.5909636531083513
22727,0.5501779502575728
22728,0.9995295118680446
22729,0.9904687948817616
22730,-0.22310548454848672
22731,0.8855539111008887
22732,0.3915233717485645
22733,0.13926283819930302
22734,154.8776808185222
22735,4.421214181328206
22736,24.665612041675864
22737,84.86306217077956
22738,7686.743759303858
22739,0.11565808675330302
22740,32.7286694646858
22741,6014.049459894582
22742,2.045728407303004
22743,12395.55119392257
22744,0.0003578263353195525
22745,0.00018612837010075278
22746,4.573785139891026
22747,48397.18951366973
22748,0.7243905248665153
22749,0.8149572121914386
22750,0.4873024459118289
22751,0.8727367519643597
22752,5239.66035470546
22753,0.00016514500067276792
22754,705.8968187391108
22755,0.045550546476034764
22756,110.11022012686709
22757,5910.706265728851
22758,39221.98606181842
22759,240402705.50635606
22760,6.400168405342207
22761,0.00024949881064317397
22762,6062.078660385881
22763,0.3911775608431233
22764,0.6495584837853019
22765,3855.5983903373276
22766,0.00018819961310522783
22767,6.99687926360953
22768,0.19134461044573403
22769,39194.673179603094
22770,801.4618012682209
22771,1544.6966932107584
22772,195506499385.194
22773,7.731960206540153
22774,397.2456585776729
22775,2.766101767894378
22776,2090.76190569295
22777,228.82836999713672
22778,1228.2544255310559
22779,1284.7906623506901
22780,-16.49674750053538
22781,2107.2586531934858
22782,165.51457863047565
22783,1553.6918953916124
22784,-0.6176134008413093
22785,279.99449396429844
22786,195506499385.194
22787,0.005456238463753611
22788,78396.91665032356
22789,68016.4216098866
22790,255.87279181140087
22791,351061847.47743994
22792,-798036.9540184576
22793,10806.089967835358
22794,626.3474220982239
22795,0.8900820264514548
22796,17.422346904057935
22797,5.569134268043772
22798,315.9631560190916
22799,17.422346904057672
22800,0.00010603632881284685
22801,13.834880891226584
22802,0.14347995377651507
22803,0.07523529291930461
22804,0.14347995377651507
22805,0.07523529291930461
22806,0.9965747445474485
22807,0.961922475932576
22808,-0.1932900701465941
22809,0.9717722244168008
22810,0.07836644750865551
22811,0.00043632321740036194
22812,511.74558362280214
22813,8.616228080654206
22814,2858.109347483424
22815,10806.089967835378
22816,430.9099337323859
22817,0.005434005105024999
22818,3138.303830883174
22819,65492.77009481122
22820,1.0663109771677544
22821,70543.3365044956
22822,3.47330522567438e-05
22823,3.365602905250116e-05
22824,7.876408246963859
22825,76137.290934335
22826,0.9600880656841091
22827,0.9791132808418901
22828,0.023098766047023354
22829,0.9845924556056113
22830,64326.396286529154
22831,3.340378717585296e-05
22832,323.92891607093867
22833,0.005227273573414751
22834,3146.0998242826777
22835,62883.48942213042
22836,2.557117268311575
22837,185280.55190498475
22838,6.259702656846846e-05
22839,3.842007266856486e-05
22840,42256.880714550825
22841,0.6819035439421457
22842,0.8516163280133736
22843,52222.24508396514
22844,3.582286297478851e-05
22845,8.692053973768862
22846,0.7651438449191258
22847,0.8490151863873253
22848,2.0
22849,87609.0
22850,87609.0
22851,26418.121728717506
22852,0.30154575133510836
22853,0.36108934179062785
22854,2.769397720356517
22855,107.09341716464182
22856,97.16480844420988
22857,83.93449827097318
22858,106.6770828247567
22859,75.08888178129669
22860,60.799009641046766
22861,39.86670742328441
22862,0.8096939013971401
22863,0.5309269025925819
22864,168.60013783611709
22865,261.11626031735466
22866,23321317964.777634
22867,4.94491208912321
22868,45.89382453793678
22869,4.1073536261194326
22870,343.43375512349525
22871,29.35337243633005
22872,214.50813122294767
22873,215.950909184782
22874,-21.531420963906665
22875,364.9651760874019
22876,19.473519538356385
22877,515.9435452053388
22878,-0.5243945308881359
22879,38.45939084961532
22880,23321317964.777634
22881,0.03980266504734803
22882,1479.1247445234744
22883,2357.4594929202317
22884,48.027283917463976
22885,187379.77666028083
22886,-1683.766286790711
22887,214.44070552799948
22888,11.095873489407596
22889,0.901504693665443
22890,2.52109840478761
22891,2.8783340085848614
22892,4.635959816312291
22893,2.521098404787611
22894,0.004035378824883044
22895,8.58473135663915
22896,0.41001708662729197
22897,0.32838448814962873
22898,0.41001708662729197
22899,0.32838448814962873
22900,0.9979914907741965
22901,0.9678058691283127
22902,-0.2506654251534552
22903,0.9534692853771106
22904,0.3317345484807159
22905,0.009345694448645551
22906,96.05456783492795
22907,5.868722274079759
22908,56.38414475435173
22909,214.44070552799943
22910,3041.2151033875043
22911,0.03915764813311039
22912,60.612650240733075
22913,2407.001107963223
22914,1.4253886756869005
22915,3411.091351780699
22916,0.0006904501204513971
22917,0.0004909254801468469
22918,5.5336388203516105
22919,62124.711744038315
22920,0.799367381185893
22921,0.8864833872880988
22922,0.15129354612059542
22923,0.9142141090994881
22924,2204.127460371491
22925,0.00045069075255804676
22926,515.5261261261261
22927,0.030962530097665232
22928,90.41550920289657
22929,2489.591231231231
22930,2546.712972972973
22931,5786143.538618619
22932,1.1483425890663286
22933,0.0005734977284858559
22934,5619.60072072072
22935,0.3375135568000433
22936,0.6022382853778472
22937,1497.6728306454456
22938,0.0003839912477322275
22939,7.6398924359400935
22940,0.19004896757182482
22941,2519.026414771528
22942,-12.471804809570312
22943,12.100839805603025
22944,7875053172.360418
22945,3.130789038196111
22946,12.166287422180176
22947,12.02284551763298
22948,59.38418197631836
22949,8.28862053404847
22950,-0.42851288708464963
22951,0.4782741069793701
22952,-116.51593780517578
22953,175.90011978149414
22954,5.093397088777892
22955,299.81432942898215
22956,-1.7513323205902607
22957,12.064669075719685
22958,7875053172.360418
22959,0.14753257981459014
22960,145.55623990662687
22961,605.2943644296793
22962,24.520095184872122
22963,4711.611835304833
22964,-154.52832617244087
22965,19.149630281430344
22966,2.9133231437069966
22967,0.7347829908276882
22968,1.2042988300072466
22969,2.017663737022641
22970,1.4349366046188798
22971,1.2042988300072475
22972,0.03341706640405909
22973,5.647283273245643
22974,0.5810915141342152
22975,0.5403849481668505
22976,0.5810915141342152
22977,0.5403849481668505
22978,0.9977869609040455
22979,0.9685933022697303
22980,-0.1714468037746792
22981,0.794304425633517
22982,0.472530222228021
22983,0.07451000340602346
22984,49.040190369744224
22985,3.9608455989017783
22986,5.515738356284333
22987,19.149630281430348
22988,9244.622111138271
22989,0.13798597085515177
22990,6.773788441797525
22991,598.7701634251624
22992,2.1988886711145907
22993,1332.7707208660515
22994,0.0038348725320102683
22995,0.0018334950991798576
22996,4.232747903798417
22997,42547.01220219406
22998,0.632759188459337
22999,0.7645754695030453
23000,0.47318534370577886
23001,0.8227372520464917
23002,490.2479831129637
23003,0.0015357655279715663
23004,364.92128935532236
23005,0.06838854748038274
23006,24.58177644544668
23007,524.1160044977511
23008,167531.16960269865
23009,102156528.97807346
23010,276.3093649389006
23011,0.003007606061385325
23012,1532.5284857571214
23013,0.28720548833529264
23014,0.553568220504529
23015,279.5906939838133
23016,0.0019408638457205278
23017,6.878663443033485
23018,0.06090698444223767
23019,167261.603174296
23020,-20.08329811096191
23021,19.765306854248042
23022,7853844187.900755
23023,3.858912090829322
23024,18.570997714996338
23025,8.15708401814219
23026,75.9957504272461
23027,14.650768773003097
23028,-1.4270898317272382
23029,1.275665283203125
23030,-117.54637145996094
23031,193.54212188720703
23032,7.8820786656277875
23033,299.41032932772885
23034,-1.7618859274481689
23035,22.37772601913737
23036,7853844187.900755
23037,0.09428120852797262
23038,500.76262178757764
23039,613.742205361083
23040,24.397080325898035
23041,49456.390063164705
23042,-1211.93322206088
23043,75.68720063262877
23044,1.5942089173692966
23045,0.9585879419068066
23046,0.8401217975509807
23047,1.6765528090108996
23048,0.867095210953768
23049,0.8401217975509808
23050,0.028675004296092835
23051,5.9995696073869045
23052,0.6688418613409416
23053,0.6465511141745778
23054,0.6688418613409416
23055,0.6465511141745778
23056,0.9990106436689985
23057,0.9799296227811262
23058,-0.4301903630366133
23059,0.9794132339300419
23060,0.4667980211026164
23061,0.06587086129111294
23062,48.79416065179608
23063,4.789673126618481
23064,19.320352387499515
23065,75.68720063262879
23066,5002.244861434283
23067,0.08584334064365916
23068,24.02654054108583
23069,593.8095082927152
23070,3.711429936865357
23071,2302.5180039822494
23072,0.00794292180911794
23073,0.0027580449827493314
23074,5.319304057507806
23075,32945.91033845611
23076,0.5610028350844599
23077,0.6630825600109577
23078,1.3625076259837665
23079,0.7756662776939316
23080,452.6478571071042
23081,0.0022625285296487482
23082,104.529280948851
23083,0.038743247201204964
23084,50.27547257024107
23085,423.70459599703486
23086,205271.83358042996
23087,125800353.06560415
23088,340.26728091183276
23089,0.005601339749225542
23090,717.6567828020757
23091,0.2659958424025484
23092,0.5315016448405832
23093,227.10508143694557
23094,0.0026505859220200107
23095,7.506520910238349
23096,0.030795922793320323
23097,204217.4137728521
23098,-39.698690795898436
23099,21.656447982788073
23100,7774098109.377567
23101,4.186378744986581
23102,22.219231605529785
23103,5.917257805072353
23104,72.704345703125
23105,19.42166026228625
23106,-3.4828618323563787
23107,2.180370330810547
23108,-118.79039001464844
23109,191.49473571777344
23110,10.057275520610371
23111,297.88638012641957
23112,-1.4823629199287258
23113,28.528621377351154
23114,7774098109.377567
23115,0.0781387157721553
23116,813.8822376922573
23117,607.452531710301
23118,24.01503770073441
23119,97067.79080093095
23120,-2154.9332730261476
23121,124.02454463419559
23122,1.1118433498944453
23123,0.9821689592777536
23124,0.6918913487760171
23125,1.498293387223649
23126,0.61659168252676
23127,0.6918913487760172
23128,0.030180612737312946
23129,6.053734615675198
23130,0.7092055760266783
23131,0.6937347115945875
23132,0.7092055760266783
23133,0.6937347115945875
23134,0.9992720152359135
23135,0.9829523313725007
23136,-0.5355952707973888
23137,0.9934543642368127
23138,0.4485045864062274
23139,0.07186422549252838
23140,48.03007540146881
23141,5.099312893656726
23142,31.284096996022488
23143,124.02454463419555
23144,3469.1977632323837
23145,0.06461715863156652
23146,39.770058226203155
23147,573.4101943375085
23148,4.960453537971985
23149,3132.5770178251114
23150,0.016777778782880556
23151,0.004811238204594341
23152,5.869424218558081
23153,27878.618945990827
23154,0.5145437063674726
23155,0.6092278893018546
23156,2.141123748919807
23157,0.7424463018518928
23158,411.71497236636975
23159,0.003720591273088062
23160,63.479203280609255
23161,0.03718758247253032
23162,59.66094979479169
23163,382.9021675454013
23164,291887.16637375514
23165,185026072.51669595
23166,486.90577964896664
23167,0.008323724203639565
23168,311.78968951376686
23169,0.18265359666887337
23170,0.4352468353517475
23171,164.52275511698122
23172,0.003533017166896314
23173,7.96470607468715
23174,0.019484299558264563
23175,289253.07762001397
23176,-4.85738741449637
23177,4.8794657902022776
23178,7894201031.519374
23179,1.966986111577688
23180,4.800453046390603
23181,119.30541397019564
23182,214.62404217357755
23183,3.972073361242489
23184,0.008182017525041527
23185,0.01822148689622126
23186,-192.33458143712815
23187,406.9586236107057
23188,2.020194188852255
23189,300.1786010748013
23190,0.3760742797937223
23191,10.113518960494321
23192,7894201031.519374
23193,0.3396814606866244
23194,102.28326576427814
23195,1560.0505923704302
23196,39.50272502151572
23197,5922.843935157207
23198,-1.5319922957238101
23199,6.331276841545824
23200,7.990062442218321
23201,-0.10673810340586297
23202,1.140447604923576
23203,1.841831798865098
23204,6.681428473960437
23205,1.140447604923576
23206,0.12532971242811863
23207,3.7623639574295105
23208,0.6315253739082296
23209,0.6063077875859866
23210,0.6315253739082296
23211,0.6063077875859866
23212,0.9989604835627627
23213,0.9870084978937268
23214,-0.0539767944828176
23215,0.43194302159675285
23216,0.5011235147611065
23217,0.18096447445934027
23218,79.00545004303137
23219,2.375591740905353
23220,3.580334820941039
23221,6.3312768415458365
23222,17590.7194789392
23223,0.29498330798778244
23224,5.941396500468295
23225,1566.4210362684664
23226,2.9661424338088724
23227,4635.417233225047
23228,0.0019525466045885943
23229,0.0006914746181179165
23230,3.4294930473073437
23231,31904.26305422364
23232,0.5350510939816021
23233,0.6806562725817599
23234,0.8054004773146874
23235,0.7582730987806587
23236,1189.1334294337196
23237,0.0005363443840819039
23238,978.9097245270494
23239,0.16244768080435604
23240,49.416320625888325
23241,1614.1924991702622
23242,414919.45054762694
23243,647588252.3436774
23244,266.01711313510907
23245,0.0011170289561301405
23246,3288.7251908396947
23247,0.5457559228077821
23248,0.7661247696253324
23249,1245.1487032030204
23250,0.0009544395823596133
23251,5.221995995440049
23252,0.06878288760287185
23253,414708.0825702022
23254,-7.834288047342091
23255,7.708175833279662
23256,7893675226.966633
23257,2.5004951321671762
23258,7.853148048401621
23259,70.97013939282026
23260,186.6952582913521
23261,5.396830409825236
23262,0.0232629092026714
23263,-0.04079062233805669
23264,-228.238880983758
23265,414.9341392751101
23266,3.2878165028434294
23267,300.1686039957588
23268,0.2889471274898836
23269,9.339836084114504
23270,7893675226.966633
23271,0.22630401817277573
23272,87.23253807812735
23273,2161.9790468707806
23274,46.50039426404505
23275,2347.4972936480895
23276,11.870141150629005
23277,5.694459843129901
23278,6.925023400927823
23279,-0.09274140725800321
23280,1.545371652697534
23281,2.2525347756927556
23282,4.526404712307677
23283,1.5453716526975336
23284,0.05489505209398991
23285,4.875277764735124
23286,0.5307124782208124
23287,0.4779996461477789
23288,0.5307124782208124
23289,0.4779996461477789
23290,0.9990768509375977
23291,0.9824450337528687
23292,-0.027468946054438108
23293,0.3539172028182108
23294,0.4523924612696383
23295,0.09909464611393683
23296,93.00078852809008
23297,2.915098796284416
23298,3.1548708110144332
23299,5.694459843129897
23300,13995.56486239836
23301,0.20479994624099712
23302,4.360490462781825
23303,2167.2965676097974
23304,2.081013082114353
23305,4504.349552140053
23306,0.000981476983034398
23307,0.0004807582995871219
23308,3.5476877402172775
23309,44877.2102495513
23310,0.6541586798518255
23311,0.7801402560502653
23312,0.42237746360394457
23313,0.8353003153550055
23314,1811.1456575254012
23315,0.0004044637275593882
23316,970.1076839088304
23317,0.13240175841529006
23318,27.97098481773162
23319,2202.353214139484
23320,214550.3656339566
23321,463529520.239798
23322,99.3992131045817
23323,0.0006226993768097491
23324,3239.2279241162823
23325,0.4420947078089644
23326,0.6903047401233038
23327,1529.7163518987074
23328,0.00047730004557680557
23329,5.370464866469694
23330,0.08363296008400964
23331,214407.39558586362
23332,-9.954683689716877
23333,9.857944391337147
23334,7896931219.220604
23335,2.8379264762460537
23336,9.859211571026767
23337,63.596777051414186
23338,211.5184915880775
23339,6.785720685147117
23340,0.01505161049527043
23341,-0.008434939538276481
23342,-251.72465608307525
23343,463.24314767115277
23344,4.130586404992098
23345,300.2305045590521
23346,0.0333327318649747
23347,11.372100726554564
23348,7896931219.220604
23349,0.18066755668180293
23350,129.32467493490284
23351,2652.32674964786
23352,51.5017659782213
23353,5990.82556077039
23354,5.879556695230955
23355,9.20393826677788
23356,9.624540445388815
23357,-0.025776381929172046
23358,1.8320406543235062
23359,2.442813426993505
23360,6.069905566017717
23361,1.832040654323507
23362,0.03881830220736916
23363,5.4260769398541076
23364,0.5033649674409069
23365,0.4438684105015175
23366,0.5033649674409069
23367,0.4438684105015175
23368,0.9989789887130014
23369,0.98144503800153
23370,-0.06900912795116057
23371,0.510339937643268
23372,0.4148164371845723
23373,0.07825457690032728
23374,103.00353195644256
23375,3.259894416586259
23376,4.707119678041658
23377,9.203938266777854
23378,11931.219485629894
23379,0.1660431536067123
23380,6.156349638456562
23381,2658.927566116086
23382,1.8043955270190966
23383,4793.345874487565
23384,0.0006983353886590995
23385,0.00039463703119697684
23386,3.725933258106235
23387,51004.52563004285
23388,0.7075304738245127
23389,0.8202906796544431
23390,0.3070204645103123
23391,0.8659057262067417
23392,2303.1255975140584
23393,0.00034398946946112596
23394,1094.041787754284
23395,0.10963441103860948
23396,30.681635141583673
23397,2693.185790159335
23398,114635.70087183085
23399,303980826.92584425
23400,43.273979188337925
23401,0.0004964292020410924
23402,4306.580318669206
23403,0.43156431693247876
23404,0.6826946237466881
23405,1847.1616591950742
23406,0.0003752031885936343
23407,5.630594125628987
23408,0.11390382266662101
23409,114558.62412057404
23410,-18.243866575199
23411,18.093844572503258
23412,7905114126.010933
23413,3.6429467916410445
23414,18.361699723550192
23415,10.339839926435234
23416,234.11987475400136
23417,11.704346385311636
23418,-0.032563936525947135
23419,0.2666384596732727
23420,-176.74814656471688
23421,410.8680213187182
23422,7.6878005264491875
23423,300.3860157357515
23424,-0.09551513687349913
23425,15.852310591984992
23426,7905114126.010933
23427,0.099430341994392
23428,251.29575110475957
23429,1336.4620680838723
23430,36.54182917915363
23431,3917.5831243657676
23432,-31.777506596477163
23433,21.302762011979297
23434,16.675956730520646
23435,0.11936341366868196
23436,2.9368400539131736
23437,3.0409139951906803
23438,7.506283687252686
23439,2.936840053913171
23440,0.011873144530709544
23441,7.052695386384052
23442,0.38964102438665615
23443,0.3066841743409485
23444,0.38964102438665615
23445,0.3066841743409485
23446,0.9976348283607746
23447,0.9667982494901013
23448,-0.04778631351136141
23449,0.40119181468305926
23450,0.3092116039499837
23451,0.02569320424563471
23452,73.08365835830716
23453,4.164959386073923
23454,9.494679685624988
23455,21.302762011979315
23456,7431.5964174062
23457,0.09572640611018637
23458,10.818386992227914
23459,1341.4836117068494
23460,1.4360571010549148
23461,1927.7388271973655
23462,0.0011162723731822865
23463,0.000787171107096306
23464,4.246504249190536
23465,62327.57894069061
23466,0.800701846274991
23467,0.8862577343212892
23468,0.15681468157035633
23469,0.9141340636825063
23470,1226.0397449826946
23471,0.0007222827444228418
23472,1144.475715086932
23473,0.06418820611816782
23474,25.91676748905111
23475,1338.5016264722378
23476,16356.961020751542
23477,22011286.790745933
23478,12.183608760676877
23479,0.0008795269039845962
23480,6480.695120583287
23481,0.36347140328565825
23482,0.6254561427491149
23483,837.6753033883155
23484,0.000584110543382487
23485,6.45553339994915
23486,0.20351790341174994
23487,16332.817824757347
23488,-7.841810798037238
23489,7.725092510750063
23490,7904367304.334514
23491,2.573539515085318
23492,7.67902201679656
23493,82.51811649685555
23494,230.03858727965942
23495,6.080913961749731
23496,0.06498062700039905
23497,-0.08684433328951555
23498,-268.3288230111413
23499,498.36741029080076
23500,3.2277412338021905
23501,300.37182618181674
23502,0.2853874988396755
23503,13.573553886783632
23504,7904367304.334514
23505,0.22695439770365436
23506,184.24136511741904
23507,2970.038117688994
23508,54.49866939195949
23509,17511.518294455116
23510,22.687319710542837
23511,13.154654520919383
23512,13.4221367124031
23513,-0.02210213777003482
23514,1.5981386519802
23515,2.2164996189225645
23516,10.756550956591298
23517,1.5981386519801994
23518,0.05981501916990138
23519,4.888058564902725
23520,0.557307221350823
23521,0.5121136394690585
23522,0.557307221350823
23523,0.5121136394690585
23524,0.9988307048883313
23525,0.9852077932418182
23526,-0.07527550231354575
23527,0.5284836281573018
23528,0.45634759339704756
23529,0.11077840939793365
23530,108.99733878391892
23531,3.0443601219635683
23532,6.644197808330605
23533,13.154654520919358
23534,13742.681086326758
23535,0.2025022697884817
23536,9.393502075792632
23537,2981.76918131414
23538,2.1213400112105205
23539,6311.170257926662
23540,0.0007355864405977229
23541,0.00035751667235681714
23542,3.662398897412692
23543,44156.270403073504
23544,0.6485934603791965
23545,0.7746877077082875
23546,0.44239783106288083
23547,0.8321757242676517
23548,2483.47042770473
23549,0.00030091750200159583
23550,848.7782777152856
23551,0.10608402421138427
23552,65.58615440536498
23553,3068.79327584052
23554,195628.11911011123
23555,580811695.9350082
23556,65.93068617707404
23557,0.0005063935907939492
23558,3753.8303962004748
23559,0.4691701532559024
23560,0.7122266374190526
23561,2207.3813366428153
23562,0.00040813442769068153
23563,5.773093246486565
23564,0.09132623360613636
23565,195508.22194750968
23566,-14.191191609404594
23567,14.592638305061195
23568,7911986200.0238
23569,3.3850037937688753
23570,14.3747547056505
23571,50.03053633261597
23572,295.60845029693473
23573,10.256168071874459
23574,-0.03268211262202673
23575,0.5485508576140723
23576,-265.47867672059084
23577,561.0871270175255
23578,6.019472476737855
23579,300.51655316163044
23580,-0.302579938230439
23581,18.16058709402866
23582,7911986200.0238
23583,0.12555771035739116
23584,329.8069235998003
23585,2973.6589715326268
23586,54.51349294495874
23587,37339.195382574
23588,-256.55564348274356
23589,26.745596394984553
23590,18.993523161157412
23591,0.15344836982746812
23592,2.4132834678900106
23593,2.7632541004548883
23594,12.894514391045199
23595,2.413283467890009
23596,0.018959395092532923
23597,6.471415029510318
23598,0.4423031211141424
23599,0.368821243441518
23600,0.4423031211141424
23601,0.368821243441518
23602,0.9986919021073055
23603,0.9800168376248884
23604,-0.06066293224515012
23605,0.5002963895269965
23606,0.36528862396536843
23607,0.040594849177184825
23608,109.0269858899175
23609,3.9530773192965354
23610,11.434779889035493
23611,26.745596394984602
23612,8916.861365820567
23613,0.11913013212426177
23614,14.976967363465812
23615,2981.413565428722
23616,1.5968075574321987
23617,4766.835134579543
23618,0.0005718196727503375
23619,0.0003713905098800472
23620,4.135070700720371
23621,56528.6728778172
23622,0.7530424920752641
23623,0.8544696408956931
23624,0.21969810500993028
23625,0.8902724004670749
23626,2653.1706061998348
23627,0.0003345106307635966
23628,886.1362021318595
23629,0.06996732744823209
23630,63.347859819276195
23631,2951.792893801816
23632,48031.73051717331
23633,143570306.94733518
23634,16.087678296018154
23635,0.0005382848018110981
23636,4769.151598894591
23637,0.3765615159016653
23638,0.6372462608413816
23639,1881.271330995753
23640,0.00041081098794544616
23641,6.547432117018484
23642,0.14456277323106073
23643,47983.87995349815
23644,-16.49554947027722
23645,15.972507100621456
23646,7906344639.603314
23647,3.5632134936369426
23648,16.05792224520099
23649,54.21084712788726
23650,412.16689540824257
23651,11.581573725639316
23652,-0.30011764848528055
23653,0.12531141986942274
23654,-297.94329641642736
23655,710.11019182467
23656,6.738128838353123
23657,300.4093939366475
23658,0.8249074930787336
23659,20.634545884804677
23660,7906344639.603314
23661,0.11203315142148744
23662,425.7844838721096
23663,3665.5833799149223
23664,60.46358694104579
23665,150206.94670708152
23666,265.43687641046364
23667,50.266355547102144
23668,11.31433899824572
23669,0.6305410291122803
23670,1.9627752967281338
23671,2.5366813471553122
23672,7.399695181762134
23673,1.9627752967281331
23674,0.01726290186198499
23675,6.621467566887298
23676,0.4824867209878736
23677,0.4174881236364971
23678,0.4824867209878736
23679,0.4174881236364971
23680,0.9994645116075422
23681,0.9867665861846154
23682,-0.12193067728835487
23683,0.7434978719038974
23684,0.4051946525176323
23685,0.03901884452689261
23686,120.9271738820917
23687,4.364958703935497
23688,15.39517363633698
23689,50.26635554710216
23690,8132.597119874683
23691,0.1066160067594181
23692,19.0341222542827
23693,3669.874522406536
23694,1.512718979253511
23695,5552.48616574496
23696,0.00043853055272525426
23697,0.00029822548651187327
23698,4.2462389459000685
23699,59462.06754169744
23700,0.7775782243476456
23701,0.8707482634818864
23702,0.18757787623023717
23703,0.902808475618695
23704,3313.0117718765177
23705,0.00027160923171574584
23706,961.7979396231336
23707,0.06271095648582732
23708,69.36760545453676
23709,3670.3535241572667
23710,30601.21959966095
23711,112351233.37940927
23712,8.34338146947301
23713,0.0003918695207000766
23714,5754.318119580101
23715,0.37519189669297126
23716,0.635638691559721
23717,2342.269743122534
23718,0.00028839872791539293
23719,6.636829556376749
23720,0.17506192286180644
23721,30568.589634417116
23722,476.44863173953746
23723,735.5116053135649
23724,72932265758.99695
23725,6.421360183239371
23726,127.43399304202353
23727,4.263595401368238
23728,954.0043087314898
23729,81.8128645689406
23730,606.0364585919624
23731,610.7124216383852
23732,-103.71163832887181
23733,1057.7159470603617
23734,53.67456940367202
23735,912.4004511142422
23736,-0.5715301378397369
23737,107.57564266881282
23738,72932265758.99695
23739,0.014312716002334908
23740,11572.518895608102
23741,20496.879218456852
23742,141.73550359905659
23743,11780190.179908216
23744,-38117.86582044333
23745,1688.5649777879341
23746,56.96107899084575
23747,0.93461861099689
23748,5.357620627338383
23749,3.89671039768998
23750,27.634911059931312
23751,5.357620627338363
23752,0.00073289137009938
23753,11.099694254452514
23754,0.28047315985669685
23755,0.1893999849425698
23756,0.28047315985669685
23757,0.1893999849425698
23758,0.998751075297817
23759,0.9758942900558528
23760,-0.25959395198433916
23761,0.9799454485657457
23762,0.19544127339070122
23763,0.002020970732900193
23764,283.4710071981134
23765,7.351287772199064
23766,436.38151419469494
23767,1688.5649777879332
23768,1171.1651939793014
23769,0.01418332474036383
23770,468.97314429758535
23771,20847.104642945575
23772,1.194630519469864
23773,24840.643263093945
23774,7.872292066467667e-05
23775,6.838045787098114e-05
23776,6.761971682965585
23777,73809.93941849818
23778,0.89364467777463
23779,0.942503272846046
23780,0.06835592724236547
23781,0.9572061791685408
23782,19968.913772200467
23783,6.61040214402168e-05
23784,504.9084114485689
23785,0.012621132644633644
23786,561.0130100004216
23787,21086.29348831396
23788,15.972928383952006
23789,322990.10636170476
23790,0.0008924923525602939
23791,8.464776518528286e-05
23792,17022.424271966003
23793,0.42550741837185363
23794,0.6781834017004936
23795,14326.317832739725
23796,6.761346933801888e-05
23797,8.455662201631778
23798,0.45663116803068177
23799,11.177041879888746
23800,2.0
23801,87609.0
23802,87609.0
23803,26418.121728717506
23804,0.30154575133510836
23805,0.36108934179062785
23806,2.769397720356517
23807,107.09341716464182
23808,97.16480844420988
23809,83.93449827097318
23810,106.6770828247567
23811,75.08888178129669
23812,60.799009641046766
23813,39.86670742328441
23814,0.8096939013971401
23815,0.5309269025925819
23816,177.8357873813021
23817,327.1135514911942
23818,25584880462.56019
23819,5.492379676191795
23820,62.535279559549366
23821,4.4982082497273
23822,578.5995144511024
23823,46.052811169419456
23824,236.79902126660565
23825,224.2329302803226
23826,3.678395919761353
23827,574.9211185313411
23828,28.34479711062098
23829,540.4024813815813
23830,0.8490822377326592
23831,62.302910450351966
23832,25584880462.56019
23833,0.03018148005639311
23834,3881.6526505845763
23835,2435.162565874421
23836,47.9772024438131
23837,1444760.3760626137
23838,11090.970414498504
23839,594.0511365521403
23840,60.651064989776785
23841,0.8151901812398199
23842,5.055602823417178
23843,3.8360813121131914
23844,34.462001830439874
23845,5.055602823417172
23846,0.002185919188522969
23847,10.025048989882205
23848,0.3241447485151389
23849,0.24052431023842508
23850,0.3241447485151389
23851,0.24052431023842508
23852,0.9956445798023661
23853,0.9603061602792449
23854,-0.18374177757486174
23855,0.9264323519241934
23856,0.24386652605453868
23857,0.007851759612343181
23858,95.95440488762621
23859,6.458410042187623
23860,163.67555038547917
23861,594.0511365521396
23862,2360.3962049711295
23863,0.029290822054111595
23864,159.7371666281271
23865,2478.035580837429
23866,1.284602751018959
23867,3064.9003669531685
23868,0.0007500421174159179
23869,0.0005795676602300116
23870,5.9496177187759445
23871,68964.11046583537
23872,0.8555209857459357
23873,0.9197737850958405
23874,0.10176135599982947
23875,0.940402211447981
23876,2353.1119858253055
23877,0.0005440426619714228
23878,674.672632149807
23879,0.021522717713012632
23880,207.9526952897494
23881,2915.975244840017
23882,363.9606022904903
23883,648676.2888314672
23884,0.21219760947155192
23885,0.0005726686424557642
23886,13842.329122404059
23887,0.4415838556290573
23888,0.6911169311634252
23889,2074.2765687063343
23890,0.00040709475059601236
23891,7.707268832049129
23892,0.35780570489333285
23893,356.1496231402578
23894,-35.992919921875
23895,24.428357696533194
23896,7865891301.257675
23897,4.209034942408785
23898,21.409128189086914
23899,5.745675947991253
23900,146.47239685058594
23901,17.99777367458163
23902,-1.4804113680609983
23903,2.1399800777435303
23904,-255.18777465820312
23905,401.66017150878906
23906,10.030391117076503
23907,299.63987602700445
23908,-0.9052423167413995
23909,25.88649278091803
23910,7865891301.257675
23911,0.07773219889239154
23912,670.1105084965212
23913,2747.421990128249
23914,52.23595755349943
23915,47193.70093172325
23916,-795.653627148827
23917,93.145800265481
23918,17.839452159191737
23919,0.678909997421647
23920,2.7016895908926606
23921,3.028981033688148
23922,10.349689331976478
23923,2.701689590892661
23924,0.01160734189391686
23925,7.818173700788163
23926,0.45069845474135023
23927,0.3857011603596223
23928,0.45069845474135023
23929,0.3857011603596223
23930,0.9974014540020174
23931,0.9694139922472874
23932,-0.15203704054453718
23933,0.8380755228879282
23934,0.3614023916417469
23935,0.03860499755595334
23936,104.47191510699885
23937,5.104798479670613
23938,27.74631310616814
23939,93.14580026548097
23940,5269.486953120257
23941,0.07095525002126518
23942,29.45451163396327
23943,2739.5913632697516
23944,1.6561736609561897
23945,4592.943232674899
23946,0.0006339760466367796
23947,0.00039753158810001016
23948,5.002536112280838
23949,55812.282293114724
23950,0.7505974382633623
23951,0.8473172320722226
23952,0.25824776549939316
23953,0.8892352127340044
23954,2427.5261366452783
23955,0.0003573322654266404
23956,663.1775447477852
23957,0.03996730818705389
23958,54.805537038118516
23959,2575.906948713313
23960,16125.373531007051
23961,45801966.136623874
23962,5.6851379121630865
23963,0.0004875250171777964
23964,5776.436027240403
23965,0.34812487357562844
23966,0.6109701032159606
23967,1561.2217242994916
23968,0.0003247655323551048
23969,7.200712417083292
23970,0.189398349484642
23971,16097.496429274343
23972,-53.600148773193354
23973,29.51269187927246
23974,7713732530.825845
23975,4.686885717711537
23976,44.246768951416016
23977,3.6783868153078823
23978,135.466796875
23979,26.630486360895613
23980,-5.206093273593169
23981,1.5542566776275635
23982,-150.4451904296875
23983,285.9119873046875
23984,18.393128860956512
23985,296.72758799612325
23986,-0.30051119774204044
23987,33.820319853301385
23988,7713732530.825845
23989,0.04858696898674929
23990,1143.8140349796117
23991,974.5523177890617
23992,30.486064778417635
23993,123974.60039989227
23994,-697.9533809850361
23995,185.78735119961183
23996,5.179818288457055
23997,0.9458619242320205
23998,1.604631743472504
23999,2.365579202561411
24000,2.5090597335334226
24001,1.604631743472503
24002,0.00839282650186361
24003,7.735999644031793
24004,0.5278353762125677
24005,0.47443559108463046
24006,0.5278353762125677
24007,0.47443559108463046
24008,0.9985232558914529
24009,0.9741854528784512
24010,-0.35832517664489655
24011,0.9804661242121951
24012,0.428530819138612
24013,0.02394018623234009
24014,60.97212955683528
24015,5.688128212886253
24016,47.7417923720172
24017,185.7873511996118
24018,3258.6597784858527
24019,0.04668287685615191
24020,46.922947217671926
24021,955.1787158579597
24022,2.1517492333109507
24023,2179.186614646244
24024,0.0027895885839145976
24025,0.0014369932723291513
24026,5.586147646440432
24027,49899.0960674031
24028,0.7127185733904582
24029,0.7961624947208619
24030,0.5561596966886028
24031,0.8678632078981718
24032,819.6642186037656
24033,0.0012643517367313143
24034,283.74874874874877
24035,0.040576111647182715
24036,55.948862533372946
24037,898.5918775918776
24038,23665.510796510796
24039,26842516.942942943
24040,21.70195949867353
24041,0.0017458850152601592
24042,1704.017589017589
24043,0.24367475890427415
24044,0.5036903625937341
24045,456.85257620418645
24046,0.0008984491872514447
24047,7.744439920402226
24048,0.07982056638016642
24049,23508.55751872483
24050,-55.64480285644531
24051,24.42623710632324
24052,7444424401.837132
24053,4.63953449799611
24054,40.49102306365967
24055,3.882729323650249
24056,119.73140716552734
24057,25.34989228603961
24058,-10.309847594652458
24059,-3.9603371620178223
24060,-141.40367126464844
24061,261.1350784301758
24062,17.17820496398526
24063,291.50177287235584
24064,-0.6032467856326067
24065,32.44840808257066
24066,7444424401.837132
24067,0.04983443579484494
24068,1052.8991870930367
24069,796.3277285057018
24070,27.46602725424557
24071,111588.7391929926
24072,-1284.187635524157
24073,169.67864665635312
24074,1.8999918471225754
24075,0.9778591567199615
24076,0.989632721412324
24077,1.7891954203778655
24078,0.8831615025851807
24079,0.9896327214123244
24080,0.01190482565763585
24081,7.052615094855499
24082,0.6228947845638884
24083,0.5913234690618268
24084,0.6228947845638884
24085,0.5913234690618268
24086,0.9993254458880646
24087,0.9819740075995955
24088,-0.485706584804194
24089,0.9938568360442045
24090,0.4801777195649417
24091,0.033451402028657
24092,54.932054508491134
24093,5.643618950502807
24094,42.89465962586894
24095,169.67864665635304
24096,3042.5222453621745
24097,0.048225463451040555
24098,43.53150558944431
24099,776.1125230092644
24100,2.9303999149913733
24101,2434.292903321974
24102,0.005520746368509642
24103,0.0021571507428712515
24104,5.79673162611076
24105,40048.19887762474
24106,0.6305949941369327
24107,0.7196503344844272
24108,0.9609751000826543
24109,0.8197264984102997
24110,626.7062926396259
24111,0.0017799059054951162
24112,80.93777009507346
24113,0.034977428735986804
24114,64.78543429963914
24115,739.4602420051858
24116,101616.47752808989
24117,88448740.91184098
24118,126.71292862637326
24119,0.0026873250675122787
24120,380.7260155574762
24121,0.16453155382777712
24122,0.40376711231830914
24123,292.8921923466822
24124,0.0008246116889649659
24125,8.218471590285718
24126,0.026412811469141297
24127,100183.06651426177
24128,-6.774153142521566
24129,6.844938062681882
24130,7896635320.49699
24131,2.412489958235549
24132,6.348946259338497
24133,93.27446873157552
24134,238.67649038109369
24135,5.23415610042257
24136,0.005233108242168172
24137,0.01776107099545672
24138,-228.2800756227017
24139,466.9565660037954
24140,2.6956845183908373
24141,300.2248796743451
24142,0.22302547238647394
24143,11.48209402262016
24144,7896635320.49699
24145,0.2607550021620999
24146,131.8384831442896
24147,2161.8540817285934
24148,46.50097813788218
24149,7279.200381193325
24150,-5.201565520749632
24151,8.323576258369837
24152,10.271146679717218
24153,-0.09849074067915856
24154,1.5031214103391335
24155,2.2227563309543825
24156,8.0008201883591
24157,1.5031214103391353
24158,0.07575105084691944
24159,4.685114184627985
24160,0.567257024535142
24161,0.5252592031255796
24162,0.567257024535142
24163,0.5252592031255796
24164,0.9989490071519894
24165,0.984945824131266
24166,-0.04446300061262779
24167,0.43640360248386906
24168,0.46419591391322584
24169,0.13219634305664055
24170,93.00195627576427
24171,2.851109554431983
24172,4.648680734521768
24173,8.323576258369854
24174,14730.138665958248
24175,0.2258817218593735
24176,6.9758276933922385
24177,2169.139825584119
24178,2.352991598169617
24179,5096.072304568212
24180,0.0011138575762385796
24181,0.00048754402730652105
24182,3.635857332740839
24183,39950.802653993436
24184,0.6126014037939117
24185,0.744343968875695
24186,0.5470598253301054
24187,0.8109677044564629
24188,1760.1847084609772
24189,0.00039998908111790407
24190,765.4138384635622
24191,0.10068585088970826
24192,48.03034676829739
24193,2206.941857405946
24194,244779.9062088924
24195,529494138.74559325
24196,113.22924086389659
24197,0.0006626456694081862
24198,3957.2654564588265
24199,0.520555834840677
24200,0.7493527192123837
24201,1660.130951994658
24202,0.000538481141294177
24203,5.613229900516543
24204,0.08677190699585659
24205,244647.09286360067
24206,-12.51685401744247
24207,12.340086592617949
24208,7903299703.89774
24209,3.2015054673595467
24210,11.173575330282834
24211,26.55268292589153
24212,279.9353951545664
24213,8.548553316456687
24214,0.04044953495192551
24215,-0.025830287803398966
24216,-242.7690910234067
24217,522.7044861779731
24218,4.792019257506825
24219,300.3515406922106
24220,0.31297903137902644
24221,13.666625005779453
24222,7903299703.89774
24223,0.1517001748655884
24224,186.77663904859625
24225,2450.4213857964896
24226,49.50459542422341
24227,4286.959914545058
24228,19.921809673494764
24229,13.810665341640425
24230,14.945120187222782
24231,-0.03862619835393581
24232,2.435865244216435
24233,2.88165769023917
24234,8.983546217050076
24235,2.4358652442164344
24236,0.02666877743977202
24237,6.295479697013482
24238,0.44777227187212243
24239,0.37773596072555926
24240,0.44777227187212243
24241,0.37773596072555926
24242,0.9986880030259213
24243,0.9780078252436233
24244,-0.03291757619483604
24245,0.43546871410257504
24246,0.368142974621885
24247,0.06136193763910125
24248,99.00919084844692
24249,3.6694899546889808
24250,7.188946382215809
24251,13.810665341640416
24252,10106.356155122232
24253,0.1376916994574399
24254,8.651719153672941
24255,2459.8246969280267
24256,1.7034509178517931
24257,4184.701141755926
24258,0.0007148120466057899
24259,0.00042709447885140486
24260,4.037304441719715
24261,53964.93002369939
24262,0.7337100113112647
24263,0.837686152722279
24264,0.27090947582578784
24265,0.8802736557247939
24266,2166.2713269012597
24267,0.0003780878445369675
24268,960.8871284140637
24269,0.0724978971189123
24270,31.577268046142088
24271,2491.4274181379205
24272,68378.01712690509
24273,167398039.24988684
24274,27.95772644517545
24275,0.0005040420636254751
24276,5615.799456767768
24277,0.4237060100171849
24278,0.6767829989023513
24279,1694.184967688679
24280,0.00036946406279745117
24281,6.1690606590809525
24282,0.15128582679861657
24283,68334.32496705899
24284,-15.315283221041467
24285,15.109650577534566
24286,7908841233.751516
24287,3.476747470332334
24288,13.82677728685362
24289,24.153942021708097
24290,321.22650677043134
24291,10.344700110439357
24292,0.020803974730801308
24293,-0.06745557954588954
24294,-235.73449779806316
24295,556.9610045684944
24296,5.923249437843955
24297,300.4568204764338
24298,0.2472329847462658
24299,16.180795813684075
24300,7908841233.751516
24301,0.12384791074814064
24302,261.81815316413605
24303,2353.0268267203173
24304,48.502676972615035
24305,10443.97520502323
24306,36.34355668431151
24307,21.21599466017868
24308,19.14738518005136
24309,0.04909227691228139
24310,2.763174470415568
24311,3.0032922164024116
24312,11.038538926988766
24313,2.763174470415567
24314,0.01931634525442242
24315,6.7299354824974955
24316,0.42716861361804226
24317,0.3537804603800358
24318,0.42716861361804226
24319,0.3537804603800358
24320,0.9985495806568858
24321,0.9768792698076126
24322,-0.06366392929328134
24323,0.5320485582177377
24324,0.3418723087477275
24325,0.04744246974661889
24326,97.00535394523008
24327,3.9711624432665498
24328,10.090844960057499
24329,21.21599466017868
24330,8718.688048388816
24331,0.11474121584268114
24332,11.756011218376184
24333,2364.6365443372306
24334,1.535700596187386
24335,3625.5786242135077
24336,0.0006800539810691772
24337,0.0004513838306301532
24338,4.183229006461415
24339,59040.3794766129
24340,0.7756870228173649
24341,0.8672818124586776
24342,0.20116444732548258
24343,0.9019775279858135
24344,2133.895186301517
24345,0.0004095056558646517
24346,1070.539223880597
24347,0.06391278948540878
24348,36.6105753833816
24349,2398.0599402985076
24350,35284.93092537313
24351,82895167.5562388
24352,15.037781097244508
24353,0.0005328619182652012
24354,7066.942686567164
24355,0.4219070260637113
24356,0.6753564264023519
24357,1627.1764683937845
24358,0.00039109599402520394
24359,6.307538212989242
24360,0.19119040281249644
24361,35257.57396611807
24362,-34.60451957445089
24363,33.38851953087489
24364,7960893207.9503765
24365,4.618955464309506
24366,27.83951721974411
24367,10.42746328788817
24368,333.0108741417748
24369,23.258203678023442
24370,-0.7659617679205007
24371,1.0584731297131422
24372,-355.51203954727663
24373,688.5229136890514
24374,12.242018709129955
24375,301.44392604227255
24376,-0.9436680434082215
24377,36.43392527715702
24378,7960893207.9503765
24379,0.059747417228708355
24380,1327.4309111014616
24381,5251.705910281378
24382,72.3790818031846
24383,187817.0511998798
24384,-1617.5152994007444
24385,133.8333747302242
24386,81.93674330570155
24387,0.2388274160951801
24388,5.6636045347565025
24389,3.9479568622362793
24390,47.68049652502019
24391,5.6636045347565
24392,0.004967413879641117
24393,8.96192329645396
24394,0.3066998985042504
24395,0.22239183783958555
24396,0.3066998985042504
24397,0.22239183783958555
24398,0.9959534885371149
24399,0.9628580452166495
24400,-0.06604491437106366
24401,0.6032658992541369
24402,0.2268002672693062
24403,0.014647231044503349
24404,144.75816360636904
24405,5.253289555434645
24406,53.942529508981494
24407,133.83337473022425
24408,4611.612384771778
24409,0.057096372793319916
24410,56.27300677165236
24411,5285.059296319886
24412,1.2793565661817512
24413,6769.743604206932
24414,0.00026750259522487457
24415,0.00021413490680235032
24416,5.08297857967908
24417,69484.88579680413
24418,0.8593735085942085
24419,0.9218362707730233
24420,0.10009441493081257
24421,0.9418413749510394
24422,4976.051348536407
24423,0.00020299902509297114
24424,1099.4868846345103
24425,0.034171024510023316
24426,105.4222778716546
24427,5247.122544753854
24428,723.5061225758329
24429,3860246.2006775234
24430,0.1357619254609345
24431,0.0002466023473866898
24432,14254.959472899056
24433,0.443030814050816
24434,0.6920777353570273
24435,3616.612770050635
24436,0.00018479336054155613
24437,7.096230604127042
24438,0.3672682030385006
24439,716.092451053293
24440,-11.869418722622108
24441,11.569103329419427
24442,7913358648.664867
24443,3.161856074713885
24444,10.536790284526328
24445,55.488337876082994
24446,311.2901556870453
24447,8.721173567236711
24448,0.06850586357760867
24449,-0.07676280723167705
24450,-329.56366563050364
24451,640.8538213175489
24452,4.522182185592502
24453,300.5426165065386
24454,0.6169338893985175
24455,16.87471852791666
24456,7913358648.664867
24457,0.1600094421966258
24458,284.7561253964138
24459,4423.37738974431
24460,66.5041277957086
24461,28955.760843056585
24462,75.24349224783822
24463,22.346407089474635
24464,20.03297252383343
24465,0.04615594920825112
24466,2.2430475064062225
24467,2.698393377965642
24468,14.777885575082971
24469,2.2430475064062234
24470,0.03143984550875982
24471,6.091080562201283
24472,0.48539278658878404
24473,0.4240649898055071
24474,0.48539278658878404
24475,0.4240649898055071
24476,0.9988863705994528
24477,0.9836087612760788
24478,-0.06944508522890531
24479,0.5506464740081382
24480,0.39712295109529483
24481,0.07187323577851815
24482,133.00825559141694
24483,3.719489859624086
24484,10.59484490332699
24485,22.346407089474628
24486,10488.182920295956
24487,0.14438144547532653
24488,13.462389843096267
24489,4438.401007997157
24490,1.7498929183274166
24491,7754.661159448769
24492,0.00041381758572229627
24493,0.00024399362582847785
24494,4.041792442095203
24495,52518.89026159519
24496,0.7217501522739872
24497,0.8291245103901339
24498,0.2895214444653681
24499,0.8740087893509154
24500,3881.205830089951
24501,0.00021545093973280872
24502,853.117137014315
24503,0.06978463288460654
24504,62.27110324898274
24505,4511.297505112474
24506,82937.94298568508
24507,366856301.04498976
24508,18.760805605538664
24509,0.00032889147635911886
24510,5358.889243353783
24511,0.4383549483315978
24512,0.6885679713676685
24513,3125.618153367612
24514,0.00025764637690803
24515,6.313588833401844
24516,0.1395404581721056
24517,82886.58597810482
24518,-27.044871447178863
24519,25.354933029066345
24520,7938781416.0840845
24521,4.249354495810152
24522,21.16342138795702
24523,15.771845524430054
24524,336.24713975997327
24525,18.123086301002143
24526,-0.4357422730424877
24527,0.9983721639904458
24528,-350.3267427422542
24529,686.5738825022274
24530,9.344593841152507
24531,301.0249969073553
24532,-0.7628205903137081
24533,29.61932233475688
24534,7938781416.0840845
24535,0.0782000907980732
24536,877.3042555702277
24537,5106.860222466928
24538,71.3943495735723
24539,103487.59867212285
24540,-858.8872956264029
24541,87.07077228712986
24542,48.24290721981052
24543,0.28203733142827103
24544,4.139672066312868
24545,3.5385171610752915
24546,30.33942474752348
24547,4.139672066312864
24548,0.008370873479228658
24549,8.20734133231374
24550,0.360131942299067
24551,0.2787824602930811
24552,0.360131942299067
24553,0.2787824602930811
24554,0.9976440703748715
24555,0.9723431085319421
24556,-0.06945104101850379
24557,0.6194703196018562
24558,0.2800613660775008
24559,0.024587311905684438
24560,142.78869914714426
24561,4.9275945216511
24562,33.8284198767351
24563,87.07077228712986
24564,5782.146946925054
24565,0.07359870193333967
24566,38.06879430841179
24567,5132.27714181605
24568,1.3891950457189022
24569,7139.5147370481345
24570,0.00029339327828261025
24571,0.00021731779691598743
24572,4.835127897277399
24573,64433.118012381565
24574,0.819186085061154
24575,0.8966360147403193
24576,0.1423313587415337
24577,0.923307916457442
24578,4736.808839370961
24579,0.00020230456166628674
24580,930.9302141157812
24581,0.03885513644625323
24582,89.60271287983885
24583,5089.755373763513
24584,7990.329688217372
24585,41074528.24107851
24586,1.55534615944821
24587,0.000264203064507066
24588,9816.932801869862
24589,0.409738837258227
24590,0.6652693590713347
24591,3376.389160314986
24592,0.0001960028383439396
24593,7.089752985119838
24594,0.27347646931251357
24595,7976.958805749935
24596,-28.56654269700939
24597,27.761891487343973
24598,7955110852.633871
24599,4.374360292395517
24600,23.419730156832756
24601,20.673974561394502
24602,379.23803020842973
24603,19.774395672059647
24604,-0.46523750019252647
24605,0.606444774797751
24606,-499.9437273805694
24607,879.1817575889991
24608,10.243418142106313
24609,301.3344300050288
24610,-0.5641729457572288
24611,32.88411106658579
24612,7955110852.633871
24613,0.0712582354989403
24614,1081.36476063955
24615,10110.125159108695
24616,100.41230437207827
24617,392812.0178183829
24618,-1052.4411342818785
24619,139.66130952600457
24620,29.684242966694413
24621,0.6489847168833867
24622,3.368793263838488
24623,3.2928706039993747
24624,18.11842227317168
24625,3.368793263838482
24626,0.007811014258166323
24627,8.245001665075828
24628,0.39275270396805806
24629,0.31469172934162654
24630,0.39275270396805806
24631,0.31469172934162654
24632,0.999060182604681
24633,0.9817293249525859
24634,-0.11855874606783595
24635,0.7906976165763007
24636,0.31293152942542085
24637,0.02200951596049198
24638,200.8246087441566
24639,5.228728266057467
24640,42.33638812317474
24641,139.6613095260044
24642,5378.58948484973
24643,0.06761855497349009
24644,46.56891483985103
24645,10122.754114945126
24646,1.3384463558047843
24647,13556.258664701545
24648,0.0001473431045532854
24649,0.00011382759344169693
24650,4.907326943196283
24651,66612.51719596983
24652,0.8366052038768038
24653,0.9078501769663634
24654,0.12265163198289117
24655,0.9315322618338203
24656,9428.274527072012
24657,0.00010704183649469081
24658,1030.003752483261
24659,0.03789286117589806
24660,103.48969993446293
24661,10082.736737546906
24662,4595.215252740784
24663,46594083.606945775
24664,0.45337214714739543
24665,0.0001418047978800637
24666,11398.142815098226
24667,0.4193268639209119
24668,0.6730728788732511
24669,6774.084820246918
24670,0.00010883498039878591
24671,7.086319742783467
24672,0.3102649271193599
24673,4584.82718841897
24674,508.1179799723255
24675,914.2186874137788
24676,84696598387.3456
24677,6.941315290180833
24678,175.40012067708233
24679,4.194250430508773
24680,1583.7857296782843
24681,125.4615353241432
24682,668.8495128051757
24683,635.8110206109482
24684,-52.88480980353879
24685,1636.670539481823
24686,78.87594887544645
24687,983.2379272807137
24688,0.6903165995551034
24689,167.5930881046349
24690,84696598387.3456
24691,0.010859926318848441
24692,28087.44318044791
24693,22244.981430254342
24694,145.67407414327167
24695,75568721.44837238
24696,191874.21350916766
24697,4407.606861772648
24698,311.44198506003795
24699,0.8683741947178345
24700,11.324911697721666
24701,4.930273616995388
24702,179.5005194779131
24703,11.32491169772169
24704,0.0003782265364984781
24705,12.523466704350955
24706,0.2114774081067809
24707,0.13209225157687263
24708,0.2114774081067809
24709,0.13209225157687263
24710,0.9971661620615792
24711,0.9680415458164893
24712,-0.20140113600288356
24713,0.9664907243525442
24714,0.1375199633729186
24715,0.0014045338664394474
24716,291.34814828654345
24717,7.917348012113768
24718,1179.7622117081758
24719,4407.606861772673
24720,901.6483970774631
24721,0.010714060902384333
24722,1136.7892211235408
24723,22357.074186354228
24724,1.1295039814704473
24725,24816.594462649948
24726,0.00010671927476494564
24727,9.867192379238234e-05
24728,7.195319282208534
24729,77946.79723205214
24730,0.9261204999084747
24731,0.9605616563805783
24732,0.04546025297341746
24733,0.9708608206337974
24734,21798.63332908767
24735,9.687139403204511e-05
24736,486.60832766568427
24737,0.009193084101596092
24738,1288.6091373461516
24739,23952.838812060756
24740,7.148171238570241
24741,132659.25810473817
24742,0.0005137726829330543
24743,0.00012115255640593895
24744,29552.04526562382
24745,0.5583020718208989
24746,0.7754103105661666
24747,19116.782460142593
24748,0.00010826758225510866
24749,8.479790440292295
24750,0.6041845015923022
24751,4.408737257083653
24752,2.0
24753,87609.0
24754,87609.0
24755,26418.121728717506
24756,0.30154575133510836
24757,0.36108934179062785
24758,2.769397720356517
24759,107.09341716464182
24760,97.16480844420988
24761,83.93449827097318
24762,106.6770828247567
24763,75.08888178129669
24764,60.799009641046766
24765,39.86670742328441
24766,0.8096939013971401
24767,0.5309269025925819
24768,197.55484542216374
24769,377.09547235415477
24770,31368787093.48765
24771,5.85216673666855
24772,89.77031346599551
24773,4.105569472512186
24774,680.7865328029482
24775,56.251414738461975
24776,293.75402563372575
24777,294.96518556611636
24778,23.744238498640506
24779,657.0422943043077
24780,37.366735998277875
24781,598.3764621509765
24782,0.36130565285101746
24783,74.23306204154528
24784,31368787093.48765
24785,0.0216527946038959
24786,5510.547500063911
24787,3379.7070744253574
24788,56.449336903720564
24789,2768912.2930755643
24790,8275.10124121365
24791,800.6157176189165
24792,28.03294354975305
24793,0.9321869818329852
24794,3.767288424419283
24795,3.454323248189029
24796,13.503641703030578
24797,3.7672884244192737
24798,0.0016966850705504802
24799,10.014576883067885
24800,0.35394514358542517
24801,0.268840572777169
24802,0.35394514358542517
24803,0.268840572777169
24804,0.9984301636789198
24805,0.9731389365799491
24806,-0.27299397627553446
24807,0.9765809663952401
24808,0.26490486085772336
24809,0.00638885739399082
24810,112.89867380744137
24811,6.798542193301785
24812,207.16216529216751
24813,800.6157176189162
24814,1678.5304176395898
24815,0.021190101020322486
24816,223.87893426313823
24817,3264.2334283865566
24818,1.378214247307092
24819,4529.978640645241
24820,0.0006760095722370431
24821,0.0005180349383240876
24822,6.354888076463653
24823,66616.89554024587
24824,0.8404225339784508
24825,0.9040290029914378
24826,0.15190948932288645
24827,0.9329622300616675
24828,3038.616998587634
24829,0.0004897188085039873
24830,494.22797202797204
24831,0.01819020876069091
24832,277.4549818364422
24833,3140.7605079131395
24834,528.1900993743099
24835,1778749.1881486934
24836,0.17775195258997067
24837,0.0006606169028108743
24838,10667.176076555024
24839,0.392608615257822
24840,0.6505758367037425
24841,2037.8374972858821
24842,0.0004504865972485231
24843,8.092504164233679
24844,0.3101279548904793
24845,517.7928569663682
24846,-25.404225921630857
24847,13.973668289184568
24848,7620044627.035288
24849,3.773525693187651
24850,19.49839687347412
24851,5.456397280852585
24852,127.64871215820312
24853,12.718778996797877
24854,-5.578349075796461
24855,-5.51401424407959
24856,-136.0735321044922
24857,263.7222442626953
24858,8.195761164214277
24859,294.9201158413666
24860,0.0368305744281763
24861,17.13960894978554
24862,7620044627.035288
24863,0.09253040928510614
24864,293.7661949515686
24865,753.2633891509129
24866,27.291088880304866
24867,8559.54452614877
24868,0.8775318352889138
24869,39.8255584518121
24870,5.986238648295157
24871,0.7383327472067136
24872,1.695118771002688
24873,2.446635183207033
24874,3.053065557182944
24875,1.6951187710026874
24876,0.015410446854832989
24877,6.83928446002093
24878,0.5174404059349031
24879,0.4612970796241704
24880,0.5174404059349031
24881,0.4612970796241704
24882,0.997974905338636
24883,0.9704800336798037
24884,-0.17723921989731423
24885,0.8465009090258819
24886,0.4188668044653039
24887,0.03753026420118113
24888,54.58217776060971
24889,4.6500840533192624
24890,11.452949275026816
24891,39.825558451812064
24892,6173.227729991171
24893,0.08794114770360759
24894,12.952587439797409
24895,763.4078611567661
24896,1.996936726955018
24897,1516.7939938118798
24898,0.0028006238837662897
24899,0.0014307176414601038
24900,4.718136140216938
24901,48718.14987476399
24902,0.6916479146616653
24903,0.8008019899606379
24904,0.4198326226280171
24905,0.8570974607160754
24906,655.4891639341421
24907,0.001232410649224264
24908,457.9947668886775
24909,0.054471309097131
24910,29.602137085238205
24911,796.3677450047574
24912,44111.0576831589
24913,33701632.657706946
24914,58.33990208329626
24915,0.0016439013657429408
24916,2468.051141769743
24917,0.29353605396880866
24918,0.5580467939823048
24919,449.21413734484497
24920,0.0009727720160855496
24921,7.068846061267757
24922,0.09597187503566985
24923,44002.48713255681
24924,-61.572759246826166
24925,16.03159294128417
24926,6878361677.871865
24927,4.711525036986585
24928,41.64636790752411
24929,3.939601869044895
24930,126.67669677734375
24931,25.161256409001606
24932,-21.66635643759663
24933,-19.880840301513672
24934,-190.77725219726562
24935,317.4539489746094
24936,17.227616129341005
24937,280.20000744482724
24938,-0.13603489692671772
24939,32.28663861968684
24940,6878361677.871865
24941,0.04605014457084649
24942,1042.4270333582538
24943,1255.44414957452
24944,34.88678274289559
24945,99086.60542511733
24946,-259.41457505531434
24947,159.43783490011424
24948,6.0167128341095655
24949,0.9272850449800973
24950,1.814891592290603
24951,2.47488566965336
24952,2.6187872438713673
24953,1.8148915922906017
24954,0.006130341695206056
24955,7.93134343691905
24956,0.4868515886463445
24957,0.4214980845334382
24958,0.4868515886463445
24959,0.4214980845334382
24960,0.9985851860441813
24961,0.9734099040396248
24962,-0.3146773112443825
24963,0.9707955388589913
24964,0.39857907235030576
24965,0.013838537603618584
24966,69.77356548579115
24967,5.677849405672158
24968,41.36363693355598
24969,159.43783490011438
24970,3365.3917784970395
24971,0.045945984512961086
24972,42.486032886270955
24973,1279.8368141498102
24974,1.8279394433094684
24975,2340.96778735412
24976,0.0016836478142502297
24977,0.0009408945347779765
24978,5.453801681112713
24979,55973.85502337543
24980,0.7626156292018352
24981,0.8360231693793311
24982,0.3876073256059413
24983,0.8942739041833158
24984,1146.740452215415
24985,0.0008418659739975842
24986,350.14441893517
24987,0.03827970033182136
24988,61.77882352678448
24989,1361.071170875697
24990,13232.616048977807
24991,17452931.041543674
24992,10.438286281710248
24993,0.0010696106162904986
24994,2458.2697059145075
24995,0.2687514710740688
24996,0.5320789713558881
24997,730.4755061399991
24998,0.0006215264192967292
24999,7.703882594018577
25000,0.10440708146423312
25001,13140.87998800109
25002,-73.73965301513672
25003,2.8832452297210693
25004,6272117707.78452
25005,4.7019203380336005
25006,38.90314483642578
25007,4.059102114240434
25008,108.66709899902344
25009,24.59829766150116
25010,-34.388332760485696
25011,-32.696266174316406
25012,-185.941162109375
25013,294.60826110839844
25014,16.209231508602876
25015,267.56711653911725
25016,-0.40278486634320226
25017,32.289380286761244
25018,6272117707.78452
25019,0.047490454510513876
25020,1042.6040793030857
25021,1019.1729852483493
25022,31.310591245513486
25023,102006.19579298142
25024,-810.8521234446202
25025,158.4425730764985
25026,3.171414849164911
25027,0.960717246523475
25028,1.3187777249674375
25029,2.0766997507032574
25030,1.3741330419114712
25031,1.3187777249674357
25032,0.008836968680600736
25033,7.45849701731265
25034,0.5535124597360493
25035,0.5048743364419983
25036,0.5535124597360493
25037,0.5048743364419983
25038,0.9991224103249539
25039,0.9788566330312246
25040,-0.4051785840232274
25041,0.9873404779441188
25042,0.4577329819772493
25043,0.02129719301969415
25044,62.621182491026985
25045,5.659920520460808
25046,40.40349698141584
25047,158.44257307649852
25048,3180.794398214728
25049,0.046074495497669905
25050,44.21188405810072
25051,1045.7550947527072
25052,2.299345463973954
25053,2388.796559489476
25054,0.002762562978337232
25055,0.0012806176365435609
25056,5.624454818020473
25057,49839.51694290402
25058,0.7191923084963066
25059,0.787303201199034
25060,0.6634172454227028
25061,0.8702276077917225
25062,913.3186231892279
25063,0.0011201584048095524
25064,135.91313922192316
25065,0.03325498879910036
25066,82.19057198999081
25067,1140.1668705652069
25068,50160.342794225595
25069,53335019.53168584
25070,49.144197578728054
25071,0.00194925440774687
25072,815.403229752875
25073,0.19951143375406777
25074,0.45084356340527343
25075,519.444807298241
25076,0.001049410356542892
25077,8.228700556481016
25078,0.04665045828624913
25079,49700.8399849158
25080,-1.1520288080793721
25081,1.135361272350623
25082,7887413151.045182
25083,1.2645387165707538
25084,1.1081990331451241
25085,207.48382549070652
25086,172.4028729712145
25087,1.3068955490890888
25088,0.0035553510760275987
25089,0.002013355967273766
25090,-134.8019640167743
25091,307.20483698798876
25092,0.46711759229295485
25093,300.0495180522669
25094,1.4443742768784498
25095,5.25167212528395
25096,7887413151.045182
25097,0.47364132876032916
25098,27.580060111484446
25099,756.2658308284539
25100,27.502504602686297
25101,821.1578092767002
25102,2.2141433609545573
25103,2.0788469536419827
25104,2.5665686977216318
25105,-0.09721188827847525
25106,0.6794455994669188
25107,1.203958524908157
25108,2.0896508791769968
25109,0.6794455994669184
25110,0.24457852156322615
25111,2.3495725795230236
25112,0.7219729744181262
25113,0.719140922311605
25114,0.7219729744181262
25115,0.719140922311605
25116,0.9993936764862252
25117,0.9895825821275557
25118,-0.09659306137266332
25119,0.4576480153444285
25120,0.5188716257480024
25121,0.2900339620859923
25122,55.005009205372566
25123,1.6772945522985736
25124,1.161353912840904
25125,2.078846953641985
25126,22532.471213712204
25127,0.4549677069596126
25128,2.1323855779463967
25129,758.6081183331108
25130,4.716301513774313
25131,3570.69772112354
25132,0.006287536981510193
25133,0.0013691409889138586
25134,3.1354996636384858
25135,19840.75699149803
25136,0.3966276141354607
25137,0.5647944494638328
25138,1.4876833186514915
25139,0.6436993377582366
25140,489.051848450781
25141,0.0008974047925418493
25142,88.1421477343265
25143,0.054712692572518005
25144,50.324503982359026
25145,821.2743637492241
25146,2246784.3072625697
25147,1699781027.4549968
25148,2973.749065826913
25149,0.002639229648917586
25150,940.0105524518932
25151,0.5834950666988785
25152,0.7917731490748791
25153,663.5881312660574
25154,0.0023271349020505547
25155,5.902835917275982
25156,0.018388521727219807
25157,2243826.932478872
25158,-6.214076626770462
25159,6.286904471819707
25160,7892562483.431162
25161,2.26927357094501
25162,5.77121548137265
25163,41.872519101629365
25164,129.7731222408271
25165,4.358082013197887
25166,0.06055405253716303
25167,0.026174192650822117
25168,-165.51495441882406
25169,295.28807665965115
25170,2.4591096772609697
25171,300.1474463957848
25172,0.10622914599249214
25173,7.221736605203476
25174,7892562483.431162
25175,0.2803711605580535
25176,52.153479594935824
25177,1191.237709135381
25178,34.515445046647834
25179,518.8001264985023
25180,2.7437435851848457
25181,3.807773921045669
25182,4.120991215258727
25183,-0.03723081957068523
25184,1.2101737709959808
25185,2.0544466361796783
25186,2.650178725103758
25187,1.2101737709959797
25188,0.09011305560613146
25189,4.39992427932691
25190,0.6008048023748016
25191,0.565813851365242
25192,0.6008048023748016
25193,0.565813851365242
25194,0.9989012314913084
25195,0.9808408531792411
25196,-0.036406310748102556
25197,0.3876118603054229
25198,0.47087168027664966
25199,0.14831534554733028
25200,69.03089009329565
25201,2.730747463179855
25202,1.9821912840760976
25203,3.8077739210456656
25204,14508.715415772504
25205,0.23888790264817034
25206,2.9146227759928047
25207,1194.0929064968968
25208,3.351642569054815
25209,3995.8698132529557
25210,0.0028415646908731937
25211,0.0008638511156221756
25212,3.7091218708022096
25213,34125.96220594538
25214,0.552493408675421
25215,0.6909195314496137
25216,1.0217679293196102
25217,0.7662684047844104
25218,915.5929017577963
25219,0.0006671775894172231
25220,546.542934154794
25221,0.10522582482764613
25222,18.28548746821256
25223,1216.0664227955333
25224,382019.997497112
25225,454818501.54871005
25226,321.16744098682517
25227,0.0010774563467777724
25228,1681.591836734694
25229,0.32375661084610974
25230,0.5881968828639257
25231,722.4852625851645
25232,0.0007229628425466804
25233,6.144883448876258
25234,0.05928614640048397
25235,381735.49010435905
25236,-2.2177722919668366
25237,2.259811295347726
25238,7889742759.147073
25239,1.4593427463408477
25240,1.7197860565466667
25241,196.9820536522816
25242,169.06346212931612
25243,1.8915252521588082
25244,0.04588364863606373
25245,0.017660113839699898
25246,-172.12761371140925
25247,341.1910758407254
25248,0.7694896347805962
25249,300.093825746619
25250,-0.19234352118477077
25251,5.363949734225118
25252,7889742759.147073
25253,0.4394972240697925
25254,28.771956751293715
25255,1261.1400379031265
25256,35.512226866057325
25257,920.9595187297565
25258,0.47509397987102575
25259,2.3082582822882123
25260,2.221145265786112
25261,0.013957785009401875
25262,0.6396853242325138
25263,1.290469152632105
25264,1.7885592991832595
25265,0.6396853242325139
25266,0.21875106516480342
25267,2.7117693777584284
25268,0.7392204762853707
25269,0.733428076974152
25270,0.7392204762853707
25271,0.733428076974152
25272,0.9995701449883043
25273,0.9911168279668007
25274,-0.09847126746852358
25275,0.45673708306529837
25276,0.46256475250965146
25277,0.2662984327615483
25278,71.02445373211464
25279,1.96307907810644
25280,1.1323508870185803
25281,2.308258282288212
25282,19575.74677143631
25283,0.40069849063632257
25284,2.164029549804208
25285,1263.1016788525196
25286,5.158031486127111
25287,6510.122941919533
25288,0.004124892793789748
25289,0.0008268956533158767
25290,3.4138247836869615
25291,19645.028403514334
25292,0.39621184834374357
25293,0.5566252852490569
25294,1.7145211387126311
25295,0.6420557775587089
25296,811.6871519428724
25297,0.0005427728017498037
25298,373.44973938942667
25299,0.13903564385310002
25300,28.48353047072906
25301,1300.7628443782576
25302,1246852.960908414
25303,1572687821.4385703
25304,989.3106495514685
25305,0.0013690948535037659
25306,1035.4929262844378
25307,0.3855148645883983
25308,0.6435645306611826
25309,844.7914559414289
25310,0.0010817070936725217
25311,5.610480451468207
25312,0.030658950564439725
25313,1245789.0985825125
25314,-23.308479812014653
25315,18.805053191310073
25316,7803576397.243601
25317,3.8916764694520154
25318,18.96330678231861
25319,7.823055722895985
25320,188.9449555500551
25321,13.6646726035767
25322,-2.1920665935009884
25323,-2.542540251038458
25324,-149.2935158367775
25325,338.2384713868326
25326,8.154635918965884
25327,298.4506174074218
25328,0.4247563703865823
25329,19.57564382137987
25330,7803576397.243601
25331,0.09062230333131355
25332,383.2058310215279
25333,904.1366500660182
25334,29.98307130220648
25335,10859.850344261962
25336,79.81219522099892
25337,39.25529608646852
25338,18.647604265154417
25339,0.3522166973407168
25340,2.822854004358131
25341,3.0393384228316607
25342,10.1490461618114
25343,2.8228540043581267
25344,0.01202139920736182
25345,7.396749982888618
25346,0.4245074268550248
25347,0.35132810631048583
25348,0.4245074268550248
25349,0.35132810631048583
25350,0.9961201800724147
25351,0.9619657451359398
25352,-0.08038882017978136
25353,0.5739857120973464
25354,0.3390786629323269
25355,0.03374842812036192
25356,59.96614260441296
25357,4.5786322631106335
25358,14.47572508790573
25359,39.2552960864685
25360,6313.157685346305
25361,0.08494277809946973
25362,16.983290746719653
25363,922.1553287102358
25364,1.7107230085857819
25365,1563.150832427293
25366,0.00201309430602819
25367,0.0012004360260204163
25368,4.667876217632834
25369,56331.146046743335
25370,0.7526159796669682
25371,0.8474673747077267
25372,0.28730586738318
25373,0.8885991157411024
25374,821.444458097875
25375,0.0010725978015918118
25376,654.4760839160839
25377,0.045767558315810065
25378,42.80619529561348
25379,976.6086713286713
25380,19732.21895104895
25381,17624760.324055944
25382,22.1943781896324
25383,0.001376983945347828
25384,4695.412307692308
25385,0.3283505110274341
25386,0.5929841228061311
25387,589.9873163232359
25388,0.0008772793410702788
25389,7.1338463962971685
25390,0.16322523941604172
25391,19694.684905956285
25392,-2.0215809888495255
25393,2.2171193043062427
25394,7895449014.069105
25395,1.4792281823943843
25396,1.6979742038895402
25397,132.9228244375631
25398,147.1489106005049
25399,2.1135397659146937
25400,0.12066475691708688
25401,0.033499269594953175
25402,-180.25567660194275
25403,327.40458720244766
25404,0.7485719353095461
25405,300.2023275323574
25406,-1.3958439850812878
25407,7.001717054477229
25408,7895449014.069105
25409,0.44196357027628425
25410,49.024041710957285
25411,1408.0974971764422
25412,37.524553752688234
25413,2154.6886275853903
25414,-10.48815343825962
25415,3.8626268378980244
25416,3.841213180732202
25417,-0.005606514715395113
25418,0.6925408225560608
25419,1.3061067044493897
25420,3.3349850395393075
25421,0.6925408225560605
25422,0.22354196852079986
25423,2.710719661035138
25424,0.7453424353066667
25425,0.7403391697918584
25426,0.7453424353066667
25427,0.7403391697918584
25428,0.9992346863102752
25429,0.9903355074938606
25430,-0.11843718542186557
25431,0.5076745108009298
25432,0.4503409213226732
25433,0.26898875769827874
25434,75.04910750537644
25435,1.9891708580003045
25436,1.925960004657559
25437,3.862626837898021
25438,19325.58282685002
25439,0.40207657653023526
25440,3.7004170159523047
25441,1412.3408245262328
25442,5.351848353996278
25443,7541.615725984885
25444,0.0038356857046144555
25445,0.0007432166972488059
25446,3.4982990413263173
25447,18908.535780224418
25448,0.3875888752221647
25449,0.5474305853718928
25450,1.7986345401807984
25451,0.6343206853821364
25452,897.4594919529957
25453,0.00048322561747938484
25454,260.30742049469967
25455,0.09198142066950518
25456,49.260370837443354
25457,1474.096113074205
25458,1188881.167844523
25459,1673841792.4452298
25460,845.0282268186421
25461,0.0012337894151383433
25462,1262.3519434628975
25463,0.44606075740738427
25464,0.6944362648800408
25465,1030.7089138558963
25466,0.0010095016106819177
25467,6.004540569245641
25468,0.03230261731100686
25469,1187922.8168998237
25470,-21.23101120771599
25471,15.075341461790742
25472,7772295908.598147
25473,3.6976540743907944
25474,15.660239855496819
25475,13.732196112031637
25476,240.44510853175274
25477,12.00856326033703
25478,-2.713807886167274
25479,-2.342024506434698
25480,-189.087291378883
25481,429.5323999106357
25482,6.802006201802092
25483,297.8518499355305
25484,0.21436464226911425
25485,18.347874222239366
25486,7772295908.598147
25487,0.10788978931334023
25488,336.6444884751158
25489,1440.7861041485205
25490,37.89309816267132
25491,13104.757770386877
25492,-48.67967791292842
25493,34.22806321663558
25494,14.631439475747015
25495,0.3939887104283693
25496,2.3222714918374585
25497,2.7972976764495137
25498,8.953255892282339
25499,2.3222714918374567
25500,0.017643487763384192
25501,6.931308200522362
25502,0.46820150257220206
25503,0.40327423998994205
25504,0.46820150257220206
25505,0.40327423998994205
25506,0.9981655995364009
25507,0.9749777025853036
25508,-0.09824692302642392
25509,0.6496384017557656
25510,0.37899868179702145
25511,0.05136631802597485
25512,75.78619632534263
25513,4.406593669619516
25514,12.214875673095634
25515,34.2280632166356
25516,7073.826735840541
25517,0.09854436795116683
25518,15.471213101495712
25519,1455.7703204868403
25520,1.9036351238670866
25521,2763.9368326171802
25522,0.0013738913612790795
25523,0.0007411588466440794
25524,4.608710240888241
25525,51484.190708008435
25526,0.7123878482039013
25527,0.8181131724260854
25528,0.3734865715823875
25529,0.8673341436412565
25530,1263.8897151763604
25531,0.0006478180303895883
25532,539.7125281580315
25533,0.04676074581164716
25534,49.805039904437976
25535,1502.4306012822735
25536,39626.15621209496
25537,57687389.078929126
25538,27.277023473756017
25539,0.0009039058369952842
25540,3782.4373592098423
25541,0.32771073983796933
25542,0.5925077918032614
25543,902.8665645601181
25544,0.0005998054660260084
25545,7.188345205891406
25546,0.13174445547831845
25547,39568.54124656378
25548,-12.79744061323365
25549,8.135825170763352
25550,7830875681.462018
25551,2.9080231178381237
25552,6.3944719576736695
25553,45.9851130544775
25554,335.8812299573314
25555,7.333255883186062
25556,-1.3740826339741945
25557,-0.7252463214924418
25558,-187.23796799300956
25559,523.119197950341
25560,3.0979916552922115
25561,298.9721971712276
25562,1.6421117473058104
25563,14.3852757599884
25564,7830875681.462018
25565,0.21698460912154982
25566,206.93615869090982
25567,1463.9322622092127
25568,38.18454601261969
25569,29994.257978168996
25570,195.64193494808458
25571,27.00752264423527
25572,3.5167271471166464
25573,0.7682970431957591
25574,0.825612573328392
25575,1.7290671835794313
25576,2.821984353876563
25577,0.8256125733283921
25578,0.10248164006884065
25579,4.82409326848324
25580,0.7259180904858347
25581,0.7066498629719126
25582,0.7259180904858347
25583,0.7066498629719126
25584,0.9996965505485124
25585,0.992490032947947
25586,-0.31382922902064725
25587,0.90904745397382
25588,0.36244330411243425
25589,0.24300734299220728
25590,76.36909202523942
25591,3.712637565665898
25592,7.631062447837972
25593,27.00752264423521
25594,10020.479382552025
25595,0.16412269025674214
25596,11.76151367724203
25597,1469.1630846832543
25598,3.751740577877932
25599,5509.245543579988
25600,0.0026140018358385953
25601,0.0007337751035480575
25602,4.434761119321118
25603,36341.78761398135
25604,0.585338586483156
25605,0.6880422366160135
25606,1.4166916693964544
25607,0.7879228094013843
25608,1157.7686284868128
25609,0.000588381951860027
25610,446.77165748622934
25611,0.055930352714850945
25612,55.19277100427808
25613,1504.4494241362042
25614,183638.7662744116
25615,270241025.48247373
25616,124.86862464254655
25617,0.0009900851039086112
25618,2381.635703555333
25619,0.29815169048013684
25620,0.5642788510839419
25621,871.1508658814274
25622,0.0006672904832017571
25623,7.201779433891028
25624,0.09117784702484905
25625,183518.47854309945
25626,558.5337142477271
25627,1063.1693183167945
25628,115699205277.03337
25629,7.376688203515867
25630,252.45830497928296
25631,4.208966322037139
25632,1876.47713143588
25633,159.0867241979485
25634,829.7764783596581
25635,833.7476753104539
25636,-65.59069598690076
25637,1942.0678274227807
25638,105.01055496338549
25639,1149.1873225062388
25640,0.28974095197301514
25641,210.3250131446727
25642,115699205277.03337
25643,0.00742092417350404
25644,44236.611154306745
25645,35370.08941066099
25646,183.8852226460623
25647,180825699.87731445
25648,161965.94805620966
25649,6421.3903797960065
25650,197.25748992827937
25651,0.9402357624817255
25652,10.068648077603743
25653,4.794229969305199
25654,93.30516886602996
25655,10.06864807760371
25656,0.00022088828818988778
25657,12.851832042160261
25658,0.2001927566828119
25659,0.11950830154912462
25660,0.2001927566828119
25661,0.11950830154912462
25662,0.998712280180302
25663,0.9753922069479468
25664,-0.24442468483667654
25665,0.9845971259843229
25666,0.12456530311739826
25667,0.0008989515968563129
25668,367.770445292125
25669,8.297011624288826
25670,1654.6619674310914
25671,6421.390379796075
25672,623.0003080378423
25673,0.0073765897983337015
25674,1779.9408749426914
25675,34301.149563167855
25676,1.120520456054034
25677,38537.305190573374
25678,6.0488800476934955e-05
25679,5.624345345345677e-05
25680,7.604000886456536
25681,78899.32213204923
25682,0.9340827450444482
25683,0.9640017665905402
25684,0.044135648395645516
25685,0.9740314728513689
25686,33385.08314013327
25687,5.533016779979645e-05
25688,382.6315085817525
25689,0.00691294505116084
25690,1930.1351472317494
25691,33767.590243902436
25692,5.999873532068654
25693,201649.73739837398
25694,0.00025618696913758636
25695,6.736565781143774e-05
25696,31685.382294489613
25697,0.5724549646700924
25698,0.784901275769781
25699,26260.952004824987
25700,5.9528783892396446e-05
25701,8.7577678522514
25702,0.631784405711742
25703,3.4945593554688927
25704,2.0
25705,87609.0
25706,87609.0
25707,26418.121728717506
25708,0.30154575133510836
25709,0.36108934179062785
25710,2.769397720356517
25711,107.09341716464182
25712,97.16480844420988
25713,83.93449827097318
25714,106.6770828247567
25715,75.08888178129669
25716,60.799009641046766
25717,39.86670742328441
25718,0.8096939013971401
25719,0.5309269025925819
25720,285.8533983460365
25721,548.5205932770094
25722,48145214825.98583
25723,6.244752636038166
25724,138.71188945792943
25725,2.7960426112892756
25726,763.9667194563468
25727,80.45738770140426
25728,434.68113338714926
25729,452.60279737524957
25730,-24.03486533657198
25731,788.0015847929188
25732,57.85053459872394
25733,741.3140014331714
25734,-0.5701783666817388
25735,98.94483799488464
25736,48145214825.98583
25737,0.01540258060758858
25738,9790.080965833966
25739,9198.993910362991
25740,94.34069731409069
25741,5239341.098506283
25742,-31767.73108778383
25743,1309.7923803214176
25744,114.73483209589348
25745,0.8385169554715429
25746,7.671985341041358
25747,4.414705287691916
25748,54.87017132616233
25749,7.671985341041369
25750,0.0005954508877640096
25751,11.360223913730893
25752,0.2308117227855111
25753,0.1440798523325773
25754,0.2308117227855111
25755,0.1440798523325773
25756,0.9955356257184653
25757,0.9554728476675416
25758,-0.1597643535719089
25759,0.922987165450192
25760,0.14841324565970423
25761,0.0020282895275140307
25762,188.68139462818124
25763,7.121574226135478
25764,356.13180310432773
25765,1309.792380321415
25766,1273.7492494533365
25767,0.015250297831266411
25768,393.14488375277375
25769,8885.291335232738
25770,1.1582751774216238
25771,10467.226323988642
25772,0.00017859246485689325
25773,0.00015948434586833744
25774,6.5280820550404615
25775,76392.41992260268
25776,0.9144354705477462
25777,0.9533319811715865
25778,0.05735517378986222
25779,0.9659339123891975
25780,8547.488248271891
25781,0.00015532830347899458
25782,663.5219783681613
25783,0.013935146033144205
25784,409.86260470102786
25785,8273.389667121706
25786,12.860674157303372
25787,138549.24742203086
25788,0.001452524662331922
25789,0.00018522289156774395
25790,24096.444628793448
25791,0.5060683530146687
25792,0.7394841572266889
25793,5929.582229127848
25794,0.0001493900791992962
25795,7.903494727981801
25796,0.5434943898457921
25797,9.475275099402037
25798,-55.05921325683593
25799,20.294029998779294
25800,7178303925.152164
25801,4.668337607038645
25802,37.26554012298584
25803,4.596902376364346
25804,163.48886108398438
25805,23.99188056350091
25806,-15.52362114308288
25807,-13.037412643432617
25808,-200.19674682617188
25809,363.68560791015625
25810,15.67371405650192
25811,286.2441103048253
25812,-0.397842433938209
25813,31.762880169417272
25814,7178303925.152164
25815,0.04936232231550437
25816,1008.880556656761
25817,1499.6105424174357
25818,38.39910317113504
25819,74263.34202635373
25820,-655.3238368027727
25821,126.97079571927588
25822,26.499389511920075
25823,0.6537557586260343
25824,3.6634001583993934
25825,3.4053986363837305
25826,12.812732630152617
25827,3.663400158399388
25828,0.003990230053712466
25829,8.75394206315112
25830,0.35286529055689225
25831,0.2664946756647378
25832,0.35286529055689225
25833,0.2664946756647378
25834,0.9953055379921467
25835,0.9547213840305481
25836,-0.10883824523811474
25837,0.7799918326387825
25838,0.27137513124420404
25839,0.01048967197349456
25840,76.79820634227013
25841,5.48953797060062
25842,38.36754630779906
25843,126.97079571927611
25844,3811.804839800315
25845,0.04813654217592261
25846,42.05082982792687
25847,1512.9388318283422
25848,1.366318120016658
25849,2074.51050075375
25850,0.0010512051034109507
25851,0.0007919592048575906
25852,5.192865210497899
25853,66005.49001949406
25854,0.832603405372687
25855,0.9037225715306736
25856,0.13799185248012044
25857,0.9296069963762308
25858,1405.5126044808649
25859,0.0007415650488840137
25860,875.688638474898
25861,0.03536849785835042
25862,67.88651557780946
25863,1516.9281069510077
25864,1381.995597560483
25865,2264760.1676562056
25866,0.8491053554610839
25867,0.0009161557641726833
25868,9240.628175612908
25869,0.373222996712828
25870,0.6342785294795958
25871,975.2061179331088
25872,0.0006102931841790737
25873,7.277586030201758
25874,0.2826079512378865
25875,1369.4748215399138
25876,-115.17186126708984
25877,8.374479103088373
25878,5661214549.401757
25879,5.33370927000104
25880,64.85746765136719
25881,3.3256831354949847
25882,119.7701416015625
25883,38.92711161063908
25884,-50.60848305736032
25885,-47.52590560913086
25886,-305.3797607421875
25887,425.14990234375
25888,26.911471980639234
25889,254.20286764098617
25890,-0.24748063805921316
25891,49.22366497884748
25892,5661214549.401757
25893,0.029404578652265676
25894,2422.969193949816
25895,2786.2642764078096
25896,51.925641302091854
25897,469808.39578612946
25898,-1648.7491229407176
25899,374.6989531325054
25900,14.739097286046619
25901,0.9243975513014607
25902,2.870451368614858
25903,3.053345609716205
25904,6.250367379901245
25905,2.8704513686148556
25906,0.002512858246509389
25907,9.208143992868436
25908,0.39107034434554827
25909,0.30774143981546587
25910,0.39107034434554827
25911,0.30774143981546587
25912,0.9980240603462791
25913,0.9684662713147975
25914,-0.2744653533119171
25915,0.9698008029765883
25916,0.30723375207509945
25917,0.006340601983478171
25918,103.85128260418361
25919,6.306867268405718
25920,97.359512604638
25921,374.69895313250515
25922,2285.0765333801237
25923,0.029223687908515632
25924,97.92249245459492
25925,2841.1040267856265
25926,1.4652484678842441
25927,4172.834137123719
25928,0.0006325280453727567
25929,0.0004428611807413065
25930,5.867281588835653
25931,65163.28194422945
25932,0.832538638180915
25933,0.8924372891088637
25934,0.20563080848236137
25935,0.9288659326329267
25936,2641.5788876964943
25937,0.0004123734754459194
25938,588.7343180419448
25939,0.027871718886613873
25940,106.89240817235823
25941,2927.657387681674
25942,1121.936325332576
25943,3515437.4588836813
25944,0.36934169936254796
25945,0.0004812103897084966
25946,7240.5507266960185
25947,0.3427804159776556
25948,0.6055948708045809
25949,1809.7781631624796
25950,0.00030155024750879274
25951,7.682132541023452
25952,0.2411053658870664
25953,1104.7340359883306
25954,-131.43692626953126
25955,-11.995989799499526
25956,4814748092.100589
25957,5.296445569027493
25958,62.18162155151367
25959,3.444227158862424
25960,92.01214599609375
25961,37.6450325959696
25962,-70.53461955274268
25963,-68.0311279296875
25964,-273.17108154296875
25965,365.1832275390625
25966,25.798074406287814
25967,234.4295874517562
25968,-0.27912704510402125
25969,47.988234485091034
25970,4814748092.100589
25971,0.030356180922399306
25972,2302.8706489960805
25973,1749.4178875258287
25974,40.77100606053872
25975,447682.61242770485
25976,-1705.1671940437195
25977,356.43908703331454
25978,7.900675834452667
25979,0.9566458796112058
25980,2.152146861044303
25981,2.647795447678443
25982,3.123981424381701
25983,2.152146861044304
25984,0.003369196693139459
25985,8.737241522585805
25986,0.4421144283168852
25987,0.36591397421986044
25988,0.4421144283168852
25989,0.36591397421986044
25990,0.9985646547328153
25991,0.9722724092902151
25992,-0.3474975116256635
25993,0.9856465438131747
25994,0.3597797417937759
25995,0.00810185971908702
25996,81.54201212107739
25997,6.269457331446028
25998,91.08494071694184
25999,356.4390870333146
26000,2290.8672216438063
26001,0.03012312762944939
26002,93.40141193720632
26003,1815.4966320653407
26004,1.651762483666919
26005,2958.1957016140545
26006,0.0014998428326464838
26007,0.00091785845241185
26008,5.9064623888504615
26009,61855.756656787795
26010,0.812149273410535
26011,0.8679368206814015
26012,0.31677370223464896
26013,0.9184218473121586
26014,1675.031980299637
26015,0.0008268608485099724
26016,377.2326649318843
26017,0.02887131983253362
26018,104.4391798049573
26019,1976.1504668605542
26020,3477.166003367519
26021,5903339.6479412215
26022,2.2032824601557137
26023,0.0008525721091877169
26024,3368.975815092607
26025,0.25784293701918004
26026,0.5173335838882965
26027,1045.649209003398
26028,0.000359161025241628
26029,8.047164882475107
26030,0.14913992854615393
26031,3432.2074696528866
26032,-4.04628032436473
26033,4.048593476678419
26034,7894983798.089455
26035,1.8997310010005675
26036,3.2424777466459243
26037,123.4610807845289
26038,286.5199348367079
26039,3.5988172069709403
26040,0.006058752484917692
26041,0.002726444189438043
26042,-211.66978363551328
26043,498.18971847222116
26044,1.4333142505522192
26045,300.1934831349738
26046,0.7163253228265656
26047,10.606225931422905
26048,7894983798.089455
26049,0.3663393350147858
26050,112.49202850838768
26051,1891.8424050502308
26052,43.50084389773313
26053,7474.89446935039
26054,6.403557203946023
26055,7.032651548971452
26056,8.956720294335458
26057,-0.11137966239522509
26058,1.1146170470979513
26059,1.7959508884621953
26060,7.699152340305792
26061,1.1146170470979504
26062,0.15328866105168143
26063,3.582960164776585
26064,0.6517483594631894
26065,0.6323309464226178
26066,0.6517483594631894
26067,0.6323309464226178
26068,0.9992091133559842
26069,0.9896593568222701
26070,-0.0769361364361658
26071,0.49739761372253233
26072,0.5026310384142425
26073,0.21611693680306204
26074,87.00168779546624
26075,2.2913056383711434
26076,3.9973429608267264
26077,7.0326515489714545
26078,18259.42424451445
26079,0.3159150625050606
26080,6.866349971378487
26081,1899.1428778071909
26082,3.2639256597545545
26083,6184.349810317081
26084,0.001754777225242377
26085,0.000557840200062613
26086,3.479959299487158
26087,29547.489270141254
26088,0.508818865351773
26089,0.6585659885663311
26090,0.9221565831058124
26091,0.7377304212557332
26092,1402.7308844802994
26093,0.0004191426608633866
26094,1362.5266556920349
26095,0.1725372490429321
26096,43.83608575452641
26097,1934.483474737242
26098,348738.593769786
26099,660023420.2642776
26100,184.3617314025513
26101,0.0007358076610734986
26102,3952.9387109028744
26103,0.5005620755860295
26104,0.7353715650936304
26105,1430.6894950283363
26106,0.000592404992831739
26107,4.99208502849141
26108,0.09013914095583787
26109,348615.5178272609
26110,-25.676470503741076
26111,25.77232992293023
26112,7936623557.885563
26113,4.159674368370802
26114,24.936644588005304
26115,7.642977545317688
26116,194.77788625883173
26117,16.579191962937895
26118,0.11612803772702578
26119,0.0504229137581903
26120,-259.12252065502247
26121,453.9004069138542
26122,10.51923646527808
26123,300.98408298305674
26124,0.012727405449425817
26125,22.84136381204585
26126,7936623557.885563
26127,0.0717619019907095
26128,521.7279007942377
26129,2756.447498479978
26130,52.519629692297976
26131,9866.669465277795
26132,9.88517890786963
26133,36.47360379013633
26134,43.93266077812575
26135,-0.09182571053134973
26136,4.8152163258815905
26137,3.7708901064353544
26138,20.65751620430712
26139,4.815216325881588
26140,0.0057411825732608035
26141,8.214170151474669
26142,0.29626360094427345
26143,0.2048889392804413
26144,0.29626360094427345
26145,0.2048889392804413
26146,0.9948809222086054
26147,0.9516963226505892
26148,-0.014892064909367255
26149,0.3377172303952857
26150,0.21198970799300826
26151,0.014117390377568859
26152,105.03925938459591
26153,4.563694414094232
26154,20.101566142065508
26155,36.47360379013631
26156,5581.667334706308
26157,0.06923460680281546
26158,22.08188998070569
26159,2781.02525726543
26160,1.3023865015632405
26161,3617.1569010950625
26162,0.000507993900004747
26163,0.0003973264639863238
26164,4.614756246310735
26165,69451.04889755753
26166,0.8594027381595933
26167,0.9201179717222588
26168,0.11351714495404923
26169,0.9414260211219205
26170,2618.9942002723374
26171,0.00037587979278630787
26172,1410.5406859448553
26173,0.04742907484683441
26174,41.955789896656476
26175,2804.168661735037
26176,2320.13984532616
26177,6397203.258809684
26178,0.8423317731801635
26179,0.0004490531093006033
26180,12818.654875588432
26181,0.43102403751137974
26182,0.6826443234505581
26183,1922.311070769937
26184,0.0003306262225479243
26185,6.561080737785881
26186,0.33946284057573994
26187,2311.461927807192
26188,-7.099435360609579
26189,7.434514022985585
26190,7906623499.208959
26191,2.4825683814337065
26192,4.884852226528331
26193,91.8411527477989
26194,261.6368346235984
26195,5.244608313779191
26196,0.18800329948917321
26197,0.06434607457642408
26198,-262.46317071782477
26199,524.1000053414232
26200,2.283670819490153
26201,300.41469166336503
26202,0.21111610804355202
26203,11.668317884792598
26204,7906623499.208959
26205,0.26543913401942565
26206,136.14964226057083
26207,2866.1788796678925
26208,53.53792188134311
26209,9866.460469015443
26210,11.120132640232097
26211,9.494420716543939
26212,10.015225490984683
26213,-0.031081998354508214
26214,1.4529413932756596
26215,2.2019502959686093
26216,7.787704522181743
26217,1.45294139327566
26218,0.09512097160400834
26219,4.637807977081853
26220,0.5975498860063456
26221,0.562583790305051
26222,0.5975498860063456
26223,0.562583790305051
26224,0.9991821994790274
26225,0.9870289863993497
26226,-0.10410166722006409
26227,0.6074814172723564
26228,0.4491114715555051
26229,0.172858355167111
26230,107.07584376268619
26231,2.900544114880022
26232,4.877411551882153
26233,9.494420716543948
26234,14368.460347149452
26235,0.2214315944004518
26236,7.364389752500083
26237,2874.5009664504355
26238,2.5109070098278035
26239,7202.690508492906
26240,0.0008968416944652529
26241,0.00036903758788313183
26242,3.7538408932219203
26243,39876.40143162407
26244,0.6108679762071026
26245,0.7391039030939038
26246,0.6346198546120093
26247,0.8079535085862746
26248,2324.312066337305
26249,0.0003019383071592537
26250,1325.8799197793933
26251,0.11079467868132309
26252,33.19872902759685
26253,2911.014205732431
26254,157601.86721818332
26255,451337473.27910084
26256,55.0521120709107
26257,0.0004539209364513951
26258,4753.221943678449
26259,0.3971941124491058
26260,0.6535456703599996
26261,1911.6766681570857
26262,0.0003324633702966996
26263,5.652190722924773
26264,0.1365955552511728
26265,157548.27189867815
26266,-64.60625956173284
26267,49.57157902951597
26268,7753391168.073156
26269,5.300202886145509
26270,53.015768669135056
26271,8.336128268034027
26272,383.2539605397731
26273,36.530465424607435
26274,-6.94781872438028
26275,-5.6212571668295395
26276,-642.587533158714
26277,1025.841493698487
26278,22.618597060384406
26279,297.4893933226998
26280,-0.4570625970922915
26281,51.189434350355114
26282,7753391168.073156
26283,0.03321931283969657
26284,2620.3581891093163
26285,16420.93432127438
26286,128.09349783633112
26287,433412.0998944576
26288,-1510.6609704333493
26289,222.31544437361765
26290,170.3566442161085
26291,0.1264490606869358
26292,9.050903492883837
26293,4.596382390825415
26294,83.15306716903872
26295,9.050903492883853
26296,0.0014489134932361538
26297,10.282790226823845
26298,0.21376805042834834
26299,0.1299733036917988
26300,0.21376805042834834
26301,0.1299733036917988
26302,0.9961096168561895
26303,0.9595752880897055
26304,-0.04608671296661503
26305,0.5352730325280127
26306,0.13468612671284105
26307,0.004053163266335987
26308,256.1869956726625
26309,5.813582237773485
26310,98.1680221474313
26311,222.31544437361788
26312,2721.7213466669646
26313,0.03257380657896021
26314,107.83865589007657
26315,16517.132594830437
26316,1.1591347763283104
26317,19145.128796722383
26318,8.422901104953188e-05
26319,7.448606065249681e-05
26320,5.592478975497743
26321,76519.89062190882
26322,0.914980532104981
26323,0.9536665094998141
26324,0.05747775192398827
26325,0.9659384566540792
26326,15954.840973102528
26327,7.239849613239476e-05
26328,1237.6965703630765
26329,0.02593066498424664
26330,149.80930176646356
26331,16522.80547233454
26332,11.114642475540006
26333,183935.73780142886
26334,0.000698671557810889
26335,8.431796570183013e-05
26336,23751.87104816576
26337,0.49761938882834555
26338,0.7333851845363564
26339,12117.552075316258
26340,6.78493197759522e-05
26341,7.165101687944857
26342,0.5448184547249711
26343,7.74567840103891
26344,-6.341302469175164
26345,6.545474043132847
26346,7914506318.94836
26347,2.406544750777708
26348,5.0177446305131
26349,85.18849824181059
26350,231.0393302741168
26351,5.490170943188837
26352,0.21215490935632264
26353,0.034847660526704016
26354,-290.97858383984425
26355,522.0179141139611
26356,2.2337274946724746
26357,300.5644094859849
26358,-0.23091049979588918
26359,14.547381013071861
26360,7914506318.94836
26361,0.2807546965572729
26362,211.6262943394837
26363,3544.1813716760553
26364,59.5340029257292
26365,24483.20964376978
26366,-11.280447223457124
26367,15.053705604601063
26368,15.518315356816602
26369,-0.026623354840312724
26370,1.466881577427809
26371,2.1130048077777324
26372,13.261096104143785
26373,1.466881577427808
26374,0.10239406765620335
26375,4.478794689610663
26376,0.6100879979108442
26377,0.578817582055619
26378,0.6100879979108442
26379,0.578817582055619
26380,0.9987892862541986
26381,0.9872208834541298
26382,-0.10489030490733178
26383,0.6031247603441373
26384,0.46411389402010844
26385,0.17927069840565382
26386,119.06800585145828
26387,2.857613389776395
26388,7.643005240354421
26389,15.053705604601113
26390,14930.183837889392
26391,0.23537117325893292
26392,11.706113305165596
26393,3558.4459743029265
26394,2.6594710517003026
26395,9436.270105787336
26396,0.0007733372354652718
26397,0.0003045249103496804
26398,3.7569454050307263
26399,37570.98527009385
26400,0.5884245752740546
26401,0.7223485117879529
26402,0.6943981785894915
26403,0.7935045000095464
26404,2827.027228996242
26405,0.00024617223153442733
26406,1101.2032622333752
26407,0.10628349215648829
26408,62.05589840760699
26409,3636.5746549560854
26410,194302.97336164463
26411,688109188.8364058
26412,54.88143839711602
26413,0.0004139469110685103
26414,4251.481034649165
26415,0.4103350096177169
26416,0.6656539508579205
26417,2445.6349756577
26418,0.00031831205342577976
26419,5.892061695001997
26420,0.1182641052859866
26421,194231.47532782878
26422,-53.21533807760235
26423,43.419242392952484
26424,7815803582.591654
26425,5.073641079209731
26426,44.70986417101925
26427,7.192135262102435
26428,375.73609996381185
26429,31.12672218108588
26430,-4.5455516779602885
26431,-4.322931267087814
26432,-493.0060105539419
26433,868.7421105177538
26434,19.04735031409586
26435,298.6843424643752
26436,0.0678149603450856
26437,43.806453863504544
26438,7815803582.591654
26439,0.039246477603567226
26440,1919.0054000953521
26441,9719.705360134125
26442,98.51472745439553
26443,210581.14877522527
26444,-137.39587566466008
26445,171.0821785749105
26446,112.87083264716914
26447,0.19751447430020186
26448,7.385703567072507
26449,4.3286190425630355
26450,55.78475714801586
26451,7.3857035670725155
26452,0.0019925089493691562
26453,9.839599188117468
26454,0.23864810623936744
26455,0.1513095910838902
26456,0.23864810623936744
26457,0.1513095910838902
26458,0.9964348228466426
26459,0.9610242941102136
26460,-0.042683880228667634
26461,0.5162814193462117
26462,0.15660061891027136
26463,0.005670209058739727
26464,197.0294549087908
26465,5.63391129640973
26466,70.98825280552005
26467,171.08217857491059
26468,3176.4298713999046
26469,0.03835884745840467
26470,79.37608569461698
26471,9800.255367135462
26472,1.1914031292438414
26473,11665.152866272021
26474,0.00013771151195755398
26475,0.00011778909561309189
26476,5.410715438910189
26477,74586.57486788608
26478,0.8998139242596804
26479,0.9451206716556164
26480,0.0693503585136815
26481,0.9595310015222481
26482,9405.991543687085
26483,0.00011357178424977728
26484,1251.2091963740547
26485,0.029383523469401502
26486,116.17813335735947
26487,9851.057536048096
26488,20.047273495843314
26489,196492.75165562914
26490,0.0020844247317767027
26491,0.00013044238382912837
26492,19629.909069559908
26493,0.4609907723817554
26494,0.7061077520019917
26495,6979.958292485688
26496,9.948033056118106e-05
26497,7.152898046895218
26498,0.48604595418278945
26499,15.814302086692607
26500,-25.322709467539667
26501,10.657043896311226
26502,7698418129.096847
26503,3.6140218007420013
26504,11.990186707789658
26505,48.1192150956493
26506,448.6413710019057
26507,13.03456629368647
26508,-4.678409855048097
26509,-1.9420312945297535
26510,-385.64657189429425
26511,834.2879428962
26512,5.760309015607279
26513,296.43288869449736
26514,1.1490266036689503
26515,25.64402257878644
26516,7698418129.096847
26517,0.1373515483873652
26518,657.6158940213088
26519,6028.717304213278
26520,77.53393117103207
26521,336865.9711513346
26522,764.5186744414764
26523,82.04669371140436
26524,13.219493703082465
26525,0.7208039190789695
26526,1.6828250990804812
26527,2.4414182297807088
26528,10.341843434179673
26529,1.6828250990804805
26530,0.04169855606812992
26531,6.33957783015057
26532,0.5867006376436252
26533,0.5450310310880193
26534,0.5867006376436252
26535,0.5450310310880193
26536,0.9995482444577053
26537,0.9903946015081762
26538,-0.219402018344872
26539,0.8831357835037721
26540,0.390840858371042
26541,0.1353257938944077
26542,155.06786234206393
26543,4.439296554809114
26544,23.81654685362178
26545,82.0466937114043
26546,8186.210339310879
26547,0.1142608786145468
26548,31.944614124618322
26549,6028.04894911619
26550,2.0720032021271217
26551,12575.736224888127
26552,0.0003603425416518665
26553,0.00018448717121496703
26554,4.599775723613272
26555,51868.317307645266
26556,0.7202146523867672
26557,0.8119731288583805
26558,0.5008460248527699
26559,0.8705183414897041
26560,5239.192294704925
26561,0.00016316355658726236
26562,727.7898921417566
26563,0.04485607963893723
26564,109.20027364037598
26565,5931.826132511556
26566,45552.22342064715
26567,279408039.37867486
26568,7.427735136573896
26569,0.00024573034282722125
26570,6262.596671802774
26571,0.3859843865517888
26572,0.6449849012819965
26573,3841.492238485273
26574,0.00018382235222737277
26575,7.026034649109491
26576,0.18519786779897043
26577,45523.06741434707
26578,810.2797051879272
26579,1539.3747814745632
26580,210657838474.63416
26581,7.723671822611532
26582,383.3789728185757
26583,2.8749525833253715
26584,2090.76190569295
26585,223.6102295575996
26586,1226.0058464412214
26587,1277.3018689642258
26588,-16.49674750053538
26589,2107.2586531934858
26590,160.27320222783192
26591,1550.652380640669
26592,-0.6205748038671356
26593,275.3705906842345
26594,210657838474.63416
26595,0.005489134308136175
26596,75828.96221378422
26597,67591.59244845046
26598,255.28271522044645
26599,332347349.9509053
26600,-736069.8841772921
26601,10309.236999858012
26602,622.1432729617732
26603,0.8857796275871559
26604,17.418463787707633
26605,5.568281498500541
26606,311.6866022280583
26607,17.4184637877077
26608,0.00010365015199046564
26609,13.850568238978564
26610,0.14248808436091592
26611,0.07435935236425245
26612,0.14248808436091592
26613,0.07435935236425245
26614,0.9965972669314386
26615,0.9619125376917773
26616,-0.18815586753284622
26617,0.9691111290197287
26618,0.07746204599437839
26619,0.00040768162870696563
26620,510.5654304408937
26621,8.601409750072397
26622,2732.845068204948
26623,10309.236999857998
26624,468.9696866404412
26625,0.00546977307335778
26626,3036.454175562471
26627,65174.94124880359
26628,1.0677996466633168
26629,70270.70680699302
26630,3.3881511965421706e-05
26631,3.2768541252792215e-05
26632,7.871175734728856
26633,82241.72315704651
26634,0.9591699200925239
26635,0.9786446246741409
26636,0.0235840587666464
26637,0.9842315526989576
26638,63996.79491155275
26639,3.250760104833224e-05
26640,351.7327693717789
26641,0.005285002469787671
26642,3059.1851181193692
26643,62662.6118882695
26644,2.593226451099124
26645,186159.11763556863
26646,6.237818798234034e-05
26647,3.7373173094020504e-05
26648,44867.42961248929
26649,0.6741608885022358
26650,0.8472462238622157
26651,51801.112792347645
26652,3.466701897221493e-05
26653,8.706570874032115
26654,0.7596593957241836
26655,0.8603716554732519
26656,66.074
26657,170.0
